Liam 738 760 3 22
Liam 951 1045 2 94
Liam 357 542 3 185
Liam 537 692 6 155
Liam 543 658 3 115
Liam 168 255 0 87
Liam 511 612 0 101
Liam 697 853 4 156
Liam 972 1036 3 64
Liam 769 821 4 52
Liam 510 607 3 97
Liam 674 844 0 170
Liam 892 1073 2 181
Liam 780 924 4 144
Liam 165 343 2 178
Liam 751 824 5 73
Liam 159 193 1 34
Liam 166 197 4 31
Liam 425 518 6 93
Liam 958 961 0 3
Liam 658 684 3 26
Liam 593 691 6 98
Liam 227 264 0 37
Liam 702 807 4 105
Liam 696 870 2 174
Liam 696 794 6 98
Liam 341 359 3 18
Liam 785 918 0 133
Liam 278 424 0 146
Liam 698 874 5 176
Liam 830 838 2 8
Liam 971 1088 3 117
Liam 205 252 6 47
Liam 908 1093 0 185
Liam 316 400 0 84
Liam 421 472 6 51
Liam 427 609 3 182
Liam 269 338 0 69
Liam 997 1099 4 102
Liam 283 399 5 116
Liam 858 919 5 61
Liam 390 496 6 106
Liam 894 993 1 99
Liam 148 272 1 124
Liam 336 343 0 7
Liam 725 756 4 31
Liam 485 502 2 17
Liam 230 282 3 52
Liam 699 727 5 28
Liam 603 685 3 82
Liam 418 531 4 113
Liam 390 417 4 27
Liam 724 748 2 24
Liam 603 671 0 68
Liam 231 257 2 26
Liam 705 763 2 58
Liam 214 311 2 97
Liam 386 410 6 24
Liam 324 415 6 91
Liam 563 685 5 122
Liam 650 808 4 158
Liam 230 405 3 175
Liam 603 754 4 151
Liam 512 575 0 63
Liam 408 567 6 159
Liam 587 687 3 100
Liam 379 407 6 28
Liam 379 558 4 179
Liam 782 960 3 178
Liam 573 589 2 16
Liam 543 617 4 74
Liam 997 1027 4 30
Liam 810 810 4 0
Liam 589 740 2 151
Liam 451 463 2 12
Liam 418 585 0 167
Liam 757 767 6 10
Liam 301 389 0 88
Liam 675 705 2 30
Liam 614 761 1 147
Liam 241 327 2 86
Liam 649 703 4 54
Liam 922 945 1 23
Liam 237 337 3 100
Liam 641 803 1 162
Liam 361 500 3 139
Liam 437 473 2 36
Liam 901 968 5 67
Liam 638 791 2 153
Liam 928 1067 2 139
Liam 734 864 2 130
Liam 479 554 0 75
Liam 193 284 4 91
Liam 586 667 4 81
Liam 760 858 4 98
Liam 470 541 1 71
Liam 267 312 5 45
Liam 349 519 2 170
Liam 988 1145 4 157
Liam 614 657 0 43
Liam 889 1002 5 113
Liam 502 608 2 106
Liam 676 845 2 169
Liam 213 248 1 35
Liam 863 884 1 21
Liam 481 631 6 150
Liam 512 529 2 17
Liam 653 678 0 25
Liam 146 151 1 5
Liam 308 460 1 152
Liam 579 714 5 135
Liam 244 414 3 170
Liam 242 313 1 71
Liam 878 1049 0 171
Liam 572 731 2 159
Liam 295 352 6 57
Liam 551 644 6 93
Liam 737 846 6 109
Liam 632 800 2 168
Liam 442 598 1 156
Liam 707 812 3 105
Liam 839 849 2 10
Liam 472 507 1 35
Liam 481 522 1 41
Liam 167 257 3 90
Liam 209 257 6 48
Liam 271 429 1 158
Liam 219 346 1 127
Liam 192 235 3 43
Liam 265 284 4 19
Liam 743 836 6 93
Liam 409 416 1 7
Liam 833 860 6 27
Liam 260 358 1 98
Liam 317 408 0 91
Liam 760 809 6 49
Liam 482 589 1 107
Liam 143 144 2 1
Liam 719 754 2 35
Liam 777 809 0 32
Liam 868 875 5 7
Liam 152 314 5 162
Liam 183 287 2 104
Liam 410 583 2 173
Liam 773 927 0 154
Liam 699 751 1 52
Liam 568 644 6 76
Liam 849 922 4 73
Liam 568 710 1 142
Liam 750 773 5 23
Liam 398 484 2 86
Liam 310 364 4 54
Liam 622 789 2 167
Liam 775 806 5 31
Liam 201 218 5 17
Liam 883 1002 4 119
Liam 790 832 6 42
Liam 181 278 2 97
Liam 763 837 6 74
Liam 971 978 6 7
Liam 936 951 6 15
Liam 578 720 2 142
Liam 599 770 5 171
Liam 622 690 5 68
Liam 938 970 6 32
Liam 735 878 4 143
Liam 630 637 1 7
Liam 710 835 3 125
Liam 345 382 4 37
Liam 645 670 3 25
Liam 564 737 2 173
Liam 590 654 0 64
Liam 146 312 4 166
Liam 815 824 4 9
Liam 925 1039 0 114
Liam 318 381 1 63
Liam 394 453 4 59
Liam 877 1031 6 154
Liam 745 922 4 177
Liam 229 409 1 180
Liam 736 869 3 133
Liam 379 459 0 80
Liam 290 437 6 147
Liam 309 440 4 131
Liam 389 502 4 113
Liam 667 832 5 165
Liam 368 453 5 85
Liam 149 275 3 126
Liam 938 1072 6 134
Liam 441 551 6 110
Liam 713 742 4 29
Liam 572 606 2 34
Liam 599 694 0 95
Liam 140 207 1 67
Liam 621 710 6 89
Liam 243 289 3 46
Liam 878 1025 1 147
Liam 941 1056 1 115
Liam 761 906 3 145
Liam 586 640 4 54
Emma 292 523 6 231
Emma 430 501 0 71
Emma 536 632 6 96
Emma 337 453 5 116
Emma 554 641 4 87
Emma 555 588 5 33
Emma 696 964 5 268
Emma 848 906 5 58
Emma 271 428 4 157
Emma 790 1077 1 287
Emma 332 342 1 10
Emma 435 715 4 280
Emma 569 666 5 97
Emma 297 380 1 83
Emma 274 419 5 145
Emma 897 1092 3 195
Emma 832 986 6 154
Emma 362 387 3 25
Emma 515 695 5 180
Emma 574 768 1 194
Emma 345 455 6 110
Emma 270 347 3 77
Emma 399 454 4 55
Emma 446 492 3 46
Emma 835 1136 0 301
Emma 763 901 0 138
Emma 441 515 5 74
Emma 455 741 3 286
Emma 266 498 5 232
Emma 362 477 5 115
Emma 867 1098 5 231
Emma 293 481 5 188
Emma 794 822 1 28
Emma 853 870 5 17
Emma 492 716 2 224
Emma 283 289 1 6
Emma 679 729 5 50
Emma 409 580 0 171
Emma 477 623 5 146
Emma 287 402 1 115
Emma 377 583 5 206
Emma 278 550 1 272
Emma 375 643 1 268
Emma 909 1074 6 165
Emma 858 940 1 82
Emma 658 828 2 170
Emma 573 588 3 15
Emma 375 600 0 225
Emma 378 556 1 178
Emma 838 1008 1 170
Emma 786 839 6 53
Emma 414 691 4 277
Emma 403 455 0 52
Emma 887 946 5 59
Emma 495 747 2 252
Emma 735 853 0 118
Emma 543 844 2 301
Emma 802 1016 6 214
Emma 579 686 1 107
Emma 822 1022 0 200
Emma 835 1103 0 268
Emma 434 681 5 247
Emma 787 931 3 144
Emma 669 856 4 187
Emma 431 499 2 68
Emma 619 645 5 26
Emma 678 975 2 297
Emma 263 364 5 101
Emma 605 796 5 191
Emma 459 747 3 288
Emma 301 564 1 263
Emma 276 552 4 276
Emma 407 581 4 174
Emma 519 820 2 301
Emma 904 955 1 51
Emma 634 771 2 137
Emma 278 428 5 150
Emma 419 439 2 20
Emma 560 753 3 193
Emma 797 870 1 73
Emma 852 1002 1 150
Emma 332 581 3 249
Emma 533 733 4 200
Emma 649 737 6 88
Emma 743 1034 0 291
Emma 530 831 1 301
Emma 724 913 6 189
Emma 280 385 4 105
Emma 907 1062 2 155
Emma 608 884 0 276
Emma 436 540 5 104
Emma 740 919 3 179
Emma 425 456 0 31
Emma 589 628 4 39
Emma 785 981 3 196
Emma 659 720 2 61
Emma 363 377 1 14
Emma 610 870 5 260
Emma 869 893 0 24
Emma 652 865 4 213
Emma 780 802 6 22
Emma 254 465 3 211
Emma 608 789 0 181
Emma 467 514 5 47
Emma 617 738 5 121
Emma 857 973 1 116
Emma 557 571 5 14
Emma 409 694 3 285
Emma 276 444 1 168
Emma 636 857 6 221
Emma 602 895 2 293
Emma 884 1147 4 263
Emma 585 608 2 23
Emma 667 782 0 115
Emma 381 627 4 246
Emma 265 547 5 282
Emma 834 991 4 157
Emma 265 322 3 57
Emma 823 1008 0 185
Emma 314 360 2 46
Emma 279 474 3 195
Emma 889 960 6 71
Emma 857 1086 2 229
Emma 887 983 4 96
Emma 872 1181 0 309
Emma 897 1091 3 194
Emma 731 860 1 129
Emma 597 650 4 53
Emma 802 930 1 128
Emma 786 879 0 93
Emma 709 1008 3 299
Emma 461 764 0 303
Emma 686 799 1 113
Emma 781 949 2 168
Emma 380 545 5 165
Emma 581 730 3 149
Emma 725 842 1 117
Emma 842 1078 5 236
Emma 781 1063 4 282
Emma 342 453 5 111
Emma 599 835 3 236
Emma 481 565 0 84
Emma 380 510 1 130
Emma 570 666 6 96
Emma 605 653 1 48
Emma 418 703 2 285
Emma 617 884 2 267
Emma 274 395 2 121
Emma 647 714 6 67
Emma 525 534 4 9
Emma 886 1113 1 227
Emma 391 437 2 46
Emma 490 571 4 81
Emma 891 1153 4 262
Emma 348 361 1 13
Emma 437 504 2 67
Emma 653 855 4 202
Emma 654 837 2 183
Emma 729 762 1 33
Emma 707 793 6 86
Emma 288 441 2 153
Emma 319 378 1 59
Emma 366 555 6 189
Emma 668 700 3 32
Emma 836 878 3 42
Emma 342 485 6 143
Emma 699 871 1 172
Emma 709 959 6 250
Emma 756 956 5 200
Emma 692 949 4 257
Emma 904 1178 5 274
Emma 652 921 3 269
Emma 596 824 4 228
Emma 478 537 5 59
Emma 434 675 6 241
Emma 538 760 1 222
Emma 284 576 3 292
Emma 573 643 1 70
Emma 278 484 6 206
Emma 460 620 4 160
Emma 349 625 4 276
Emma 626 840 0 214
Emma 260 336 5 76
Emma 895 990 5 95
Emma 743 757 2 14
Emma 456 649 2 193
Emma 261 295 2 34
Emma 451 583 6 132
Emma 577 620 5 43
Emma 527 749 4 222
Emma 659 889 3 230
Emma 538 628 6 90
Emma 587 656 5 69
Emma 752 772 2 20
Emma 526 660 2 134
Emma 289 591 0 302
Emma 567 748 6 181
Emma 840 1111 3 271
Emma 257 477 2 220
Emma 277 504 1 227
Noah 426 812 1 386
Noah 343 503 3 160
Noah 681 917 2 236
Noah 924 1023 3 99
Noah 305 398 1 93
Noah 753 854 2 101
Noah 719 783 4 64
Noah 859 1041 0 182
Noah 615 925 4 310
Noah 721 1034 1 313
Noah 861 874 6 13
Noah 803 846 5 43
Noah 325 454 4 129
Noah 763 840 6 77
Noah 801 1151 0 350
Noah 794 831 4 37
Noah 727 876 1 149
Noah 313 556 4 243
Noah 530 711 1 181
Noah 830 1123 2 293
Noah 516 864 6 348
Noah 651 911 1 260
Noah 759 1079 4 320
Noah 666 907 0 241
Noah 850 1135 0 285
Noah 392 409 6 17
Noah 578 579 5 1
Noah 626 690 1 64
Noah 475 773 1 298
Noah 852 1112 4 260
Noah 784 874 3 90
Noah 566 645 6 79
Noah 888 1217 4 329
Noah 748 1153 0 405
Noah 817 1093 1 276
Noah 921 1311 1 390
Noah 794 978 3 184
Noah 483 806 5 323
Noah 470 760 6 290
Noah 717 1089 2 372
Noah 414 647 5 233
Noah 747 969 0 222
Noah 768 915 0 147
Noah 584 784 4 200
Noah 645 811 5 166
Noah 441 595 6 154
Noah 642 816 5 174
Noah 716 824 0 108
Noah 515 517 1 2
Noah 594 781 5 187
Noah 342 404 4 62
Noah 503 684 6 181
Noah 383 710 5 327
Noah 582 844 3 262
Noah 594 878 2 284
Noah 803 1025 0 222
Noah 846 1114 3 268
Noah 430 567 4 137
Noah 498 632 6 134
Noah 494 692 3 198
Noah 546 692 0 146
Noah 400 616 4 216
Noah 897 1001 0 104
Noah 300 420 5 120
Noah 557 830 5 273
Noah 596 867 0 271
Noah 385 748 2 363
Noah 317 625 5 308
Noah 792 811 6 19
Noah 573 582 4 9
Noah 892 1057 1 165
Noah 921 1326 0 405
Noah 889 1164 6 275
Noah 711 1055 1 344
Noah 576 916 5 340
Noah 697 857 3 160
Noah 824 939 1 115
Noah 795 1063 6 268
Noah 580 762 3 182
Noah 415 583 2 168
Noah 920 1281 2 361
Noah 467 599 6 132
Noah 906 1033 1 127
Noah 721 915 1 194
Noah 402 710 6 308
Noah 562 595 6 33
Noah 728 1034 2 306
Noah 548 622 1 74
Noah 679 771 3 92
Noah 339 385 6 46
Noah 443 830 0 387
Noah 709 929 6 220
Noah 479 538 5 59
Noah 740 959 4 219
Noah 547 863 6 316
Noah 737 926 5 189
Noah 582 772 0 190
Noah 623 919 2 296
Noah 544 626 3 82
Noah 633 939 0 306
Noah 489 753 4 264
Noah 686 691 2 5
Noah 375 536 2 161
Noah 824 827 6 3
Noah 646 694 5 48
Noah 848 1054 0 206
Noah 538 648 2 110
Noah 332 658 3 326
Noah 386 482 6 96
Noah 455 698 1 243
Noah 513 614 4 101
Noah 596 841 1 245
Noah 491 736 0 245
Noah 571 903 5 332
Noah 336 446 6 110
Noah 535 564 3 29
Noah 309 461 3 152
Noah 408 478 3 70
Noah 494 884 0 390
Noah 685 941 1 256
Noah 917 1219 5 302
Noah 320 563 2 243
Noah 589 704 1 115
Noah 903 1243 4 340
Noah 657 713 4 56
Noah 549 761 3 212
Noah 537 905 4 368
Noah 765 1010 0 245
Noah 554 610 5 56
Noah 858 1057 3 199
Noah 476 481 1 5
Noah 395 620 2 225
Noah 531 911 2 380
Noah 709 988 5 279
Noah 598 966 2 368
Noah 902 908 4 6
Noah 484 651 2 167
Noah 404 765 4 361
Noah 838 852 4 14
Noah 771 929 1 158
Noah 533 732 5 199
Noah 675 699 5 24
Noah 684 894 3 210
Noah 823 892 0 69
Noah 852 902 0 50
Noah 850 1225 3 375
Noah 849 1103 5 254
Noah 392 698 6 306
Noah 526 812 6 286
Noah 706 860 2 154
Noah 346 692 4 346
Noah 585 647 3 62
Noah 384 566 6 182
Noah 410 528 3 118
Noah 325 680 5 355
Noah 554 791 2 237
Noah 696 751 6 55
Noah 778 1003 6 225
Noah 727 1072 3 345
Noah 670 914 3 244
Noah 699 1050 1 351
Noah 866 914 5 48
Noah 823 1113 0 290
Noah 511 785 1 274
Noah 660 787 0 127
Noah 616 901 2 285
Noah 779 794 0 15
Noah 373 623 1 250
Noah 522 830 4 308
Noah 581 885 6 304
Noah 847 929 1 82
Noah 429 778 6 349
Noah 803 820 6 17
Noah 370 622 1 252
Noah 888 1216 6 328
Noah 431 537 1 106
Noah 753 924 5 171
Noah 443 543 5 100
Noah 781 855 0 74
Noah 435 478 4 43
Noah 575 846 1 271
Noah 598 940 2 342
Noah 753 917 0 164
Noah 544 635 1 91
Noah 686 1025 5 339
Noah 425 664 6 239
Noah 690 1022 3 332
Noah 653 926 1 273
Noah 307 453 5 146
Noah 307 619 2 312
Noah 720 786 3 66
Noah 357 446 6 89
Noah 808 1206 1 398
Noah 853 1230 1 377
Noah 429 446 5 17
Noah 724 833 2 109
Noah 810 1032 1 222
Noah 587 681 0 94
Noah 324 587 4 263
Noah 690 1028 1 338
Olivia 475 627 6 152
Olivia 413 509 3 96
Olivia 615 682 5 67
Olivia 407 501 3 94
Olivia 376 453 0 77
Olivia 779 792 4 13
Olivia 789 799 2 10
Olivia 280 553 1 273
Olivia 308 458 1 150
Olivia 604 827 6 223
Olivia 547 642 1 95
Olivia 641 647 0 6
Olivia 594 853 0 259
Olivia 633 878 4 245
Olivia 322 415 3 93
Olivia 528 549 4 21
Olivia 760 933 2 173
Olivia 575 692 0 117
Olivia 761 1006 1 245
Olivia 683 685 2 2
Olivia 649 756 5 107
Olivia 383 577 3 194
Olivia 343 545 2 202
Olivia 432 495 0 63
Olivia 568 716 5 148
Olivia 613 895 3 282
Olivia 758 814 0 56
Olivia 818 1007 1 189
Olivia 382 585 4 203
Olivia 483 652 4 169
Olivia 664 843 0 179
Olivia 703 746 6 43
Olivia 693 972 0 279
Olivia 320 367 5 47
Olivia 703 761 5 58
Olivia 512 604 0 92
Olivia 352 433 0 81
Olivia 631 881 5 250
Olivia 638 720 0 82
Olivia 725 834 6 109
Olivia 618 686 2 68
Olivia 494 701 3 207
Olivia 332 581 0 249
Olivia 449 477 4 28
Olivia 806 835 1 29
Olivia 358 501 5 143
Olivia 431 660 5 229
Olivia 724 883 3 159
Olivia 553 639 5 86
Olivia 466 673 0 207
Olivia 631 730 1 99
Olivia 760 927 6 167
Olivia 360 433 1 73
Olivia 450 528 6 78
Olivia 362 569 1 207
Olivia 359 376 6 17
Olivia 291 353 2 62
Olivia 271 292 5 21
Olivia 638 659 4 21
Olivia 616 833 6 217
Olivia 283 479 3 196
Olivia 457 606 4 149
Olivia 685 720 6 35
Olivia 783 837 3 54
Olivia 811 828 5 17
Olivia 771 846 5 75
Olivia 330 467 0 137
Olivia 338 357 0 19
Olivia 803 927 1 124
Olivia 641 669 1 28
Olivia 798 860 1 62
Olivia 641 808 6 167
Olivia 282 290 3 8
Olivia 530 618 1 88
Olivia 420 487 0 67
Olivia 433 613 2 180
Olivia 667 797 6 130
Olivia 385 586 5 201
Olivia 732 923 1 191
Olivia 341 341 4 0
Olivia 311 374 6 63
Olivia 697 951 3 254
Olivia 357 623 4 266
Olivia 328 333 4 5
Olivia 434 675 1 241
Olivia 832 858 0 26
Olivia 319 488 6 169
Olivia 411 489 3 78
Olivia 800 868 5 68
Olivia 298 442 1 144
Olivia 299 542 5 243
Olivia 415 686 5 271
Olivia 592 797 1 205
Olivia 456 709 1 253
Olivia 268 343 3 75
Olivia 288 532 2 244
Olivia 501 517 4 16
Olivia 677 798 6 121
Olivia 320 457 5 137
Olivia 525 591 4 66
Olivia 641 814 3 173
Olivia 648 686 5 38
Olivia 653 827 1 174
Olivia 619 883 1 264
Olivia 344 384 1 40
Olivia 641 741 2 100
Olivia 758 899 2 141
Olivia 811 947 1 136
Olivia 819 870 6 51
Olivia 805 849 2 44
Olivia 607 765 6 158
Olivia 627 697 4 70
Olivia 834 950 5 116
Olivia 372 605 3 233
Olivia 359 373 5 14
Olivia 793 903 6 110
Olivia 754 1002 3 248
Olivia 275 417 3 142
Olivia 832 1033 4 201
Olivia 660 853 6 193
Olivia 519 621 0 102
Olivia 678 750 1 72
Olivia 437 705 1 268
Olivia 416 514 0 98
Olivia 789 1012 2 223
Olivia 798 954 5 156
Olivia 696 790 3 94
Olivia 810 910 6 100
Olivia 481 721 2 240
Olivia 738 957 3 219
Olivia 782 926 3 144
Olivia 559 682 5 123
Olivia 326 361 0 35
Olivia 265 552 0 287
Olivia 847 849 3 2
Olivia 274 522 1 248
Olivia 442 737 2 295
Olivia 561 667 1 106
Olivia 525 551 0 26
Olivia 678 868 2 190
Olivia 394 481 3 87
Olivia 836 1060 1 224
Olivia 593 681 1 88
Olivia 396 519 0 123
Olivia 546 661 6 115
Olivia 362 376 5 14
Olivia 480 757 3 277
Olivia 426 472 1 46
Olivia 730 953 4 223
Olivia 495 764 2 269
Olivia 558 763 4 205
Olivia 811 995 1 184
Olivia 349 512 2 163
Olivia 368 513 5 145
Olivia 517 591 5 74
Olivia 531 681 0 150
Olivia 785 889 4 104
Olivia 399 585 6 186
Olivia 434 484 1 50
Olivia 764 1023 0 259
Olivia 606 720 3 114
Olivia 780 1005 1 225
Olivia 348 580 3 232
Olivia 462 480 2 18
Olivia 591 793 0 202
Olivia 533 674 6 141
Olivia 686 717 3 31
Olivia 580 823 6 243
Olivia 455 715 3 260
Olivia 272 303 3 31
Olivia 346 586 6 240
Olivia 328 332 5 4
Olivia 428 439 5 11
Olivia 799 927 5 128
Olivia 741 846 6 105
Olivia 618 870 5 252
Olivia 807 925 0 118
Olivia 427 436 6 9
Olivia 776 901 4 125
Olivia 262 498 1 236
Olivia 260 555 2 295
Olivia 714 869 2 155
Olivia 796 967 6 171
Olivia 589 726 5 137
Olivia 760 907 5 147
Olivia 441 713 1 272
Olivia 616 771 6 155
Olivia 797 947 6 150
Olivia 425 662 3 237
Olivia 511 743 6 232
Olivia 272 565 1 293
Olivia 432 613 2 181
Olivia 375 402 2 27
Olivia 476 583 1 107
Olivia 438 637 5 199
Olivia 308 556 2 248
Olivia 412 643 0 231
Olivia 337 531 2 194
Olivia 333 593 4 260
Olivia 841 883 5 42
William 335 618 2 283
William 632 925 5 293
William 1063 1316 2 253
William 845 1140 5 295
William 1006 1342 1 336
William 982 1185 5 203
William 1060 1260 0 200
William 970 1097 0 127
William 787 984 1 197
William 672 982 3 310
William 704 954 4 250
William 629 711 5 82
William 838 1006 3 168
William 883 1065 0 182
William 1055 1312 6 257
William 994 1332 4 338
William 709 1001 4 292
William 620 731 4 111
William 404 469 5 65
William 1027 1361 1 334
William 959 1284 0 325
William 650 800 2 150
William 263 546 2 283
William 978 1300 4 322
William 616 908 4 292
William 829 847 5 18
William 1039 1144 1 105
William 1023 1043 1 20
William 525 822 5 297
William 376 611 2 235
William 798 1184 1 386
William 975 1214 4 239
William 771 1050 6 279
William 329 540 2 211
William 1046 1216 2 170
William 812 876 2 64
William 959 1283 1 324
William 623 948 4 325
William 595 680 5 85
William 923 1237 3 314
William 787 941 4 154
William 404 761 1 357
William 1078 1166 4 88
William 1054 1320 0 266
William 342 644 4 302
William 1009 1026 0 17
William 1027 1205 6 178
William 1031 1330 2 299
William 683 892 4 209
William 454 481 3 27
William 694 981 0 287
William 408 598 6 190
William 871 1164 2 293
William 933 1222 0 289
William 589 670 3 81
William 983 1250 0 267
William 325 664 5 339
William 1060 1253 6 193
William 1015 1227 2 212
William 883 1003 1 120
William 386 623 4 237
William 1038 1360 2 322
William 1028 1146 5 118
William 587 692 1 105
William 841 990 6 149
William 365 534 2 169
William 731 829 3 98
William 856 872 3 16
William 974 1018 6 44
William 478 743 4 265
William 871 1078 1 207
William 658 755 6 97
William 265 368 0 103
William 549 674 6 125
William 420 722 5 302
William 602 934 6 332
William 813 1119 3 306
William 423 553 0 130
William 727 747 0 20
William 614 627 5 13
William 305 458 4 153
William 872 891 1 19
William 523 676 0 153
William 590 706 5 116
William 454 748 1 294
William 326 524 5 198
William 451 680 3 229
William 455 503 1 48
William 871 976 5 105
William 618 897 6 279
William 911 1225 4 314
William 644 954 1 310
William 987 1188 6 201
William 618 715 0 97
William 598 852 6 254
William 607 966 4 359
William 756 923 0 167
William 539 878 1 339
William 724 899 5 175
William 891 1211 3 320
William 384 418 4 34
William 799 1104 5 305
William 556 732 3 176
William 605 801 5 196
William 1072 1093 2 21
William 373 676 2 303
William 623 840 5 217
William 696 787 3 91
William 360 422 5 62
William 930 1206 0 276
William 749 1092 4 343
William 380 734 2 354
William 818 1156 6 338
William 756 1092 3 336
William 287 462 6 175
William 768 1100 1 332
William 712 765 3 53
William 785 904 6 119
William 661 861 1 200
William 465 531 2 66
William 997 1361 2 364
William 1034 1311 0 277
William 580 707 1 127
William 1036 1325 2 289
William 491 551 5 60
William 488 695 3 207
William 644 653 0 9
William 935 1136 2 201
William 561 903 0 342
William 576 925 2 349
William 758 880 1 122
William 659 903 3 244
William 646 877 2 231
William 1006 1230 3 224
William 392 459 4 67
William 734 992 5 258
William 1074 1243 4 169
William 1076 1395 4 319
William 682 904 2 222
William 1070 1144 2 74
William 459 601 6 142
William 572 617 5 45
William 412 564 1 152
William 370 709 5 339
William 983 1302 6 319
William 630 988 3 358
William 444 745 5 301
William 564 631 4 67
William 757 855 0 98
William 801 903 2 102
William 327 343 4 16
William 1019 1366 0 347
William 282 349 1 67
William 269 334 0 65
William 1047 1273 0 226
William 301 364 4 63
William 1046 1374 2 328
William 701 993 4 292
William 801 1010 4 209
William 1001 1339 0 338
William 529 633 3 104
William 1079 1297 3 218
William 256 502 5 246
William 1054 1066 0 12
William 981 1148 4 167
William 994 1078 2 84
William 604 807 0 203
William 496 647 5 151
William 349 616 2 267
William 1062 1435 0 373
William 848 949 3 101
William 828 945 6 117
William 1064 1375 5 311
William 708 974 5 266
William 964 1053 5 89
William 789 1046 2 257
William 664 763 5 99
William 1058 1096 1 38
William 302 517 6 215
William 868 1211 4 343
William 407 684 1 277
William 514 707 1 193
William 997 1090 0 93
William 891 1192 2 301
William 706 903 5 197
William 699 714 2 15
William 322 529 1 207
William 502 513 3 11
William 1035 1239 6 204
William 314 544 4 230
William 983 1020 4 37
William 972 1145 0 173
William 370 636 2 266
William 326 352 6 26
William 703 1036 6 333
William 821 836 2 15
William 540 708 5 168
William 595 598 6 3
William 296 510 1 214
William 1017 1021 4 4
Ava 321 414 1 93
Ava 433 585 3 152
Ava 230 296 2 66
Ava 979 1113 1 134
Ava 396 500 4 104
Ava 282 498 4 216
Ava 633 736 4 103
Ava 197 435 0 238
Ava 677 684 1 7
Ava 482 589 2 107
Ava 469 510 5 41
Ava 446 488 0 42
Ava 835 1081 4 246
Ava 853 853 0 0
Ava 699 747 6 48
Ava 525 606 4 81
Ava 611 674 0 63
Ava 516 736 4 220
Ava 552 575 1 23
Ava 864 897 6 33
Ava 521 702 5 181
Ava 194 397 4 203
Ava 316 490 6 174
Ava 793 974 4 181
Ava 522 682 1 160
Ava 441 676 0 235
Ava 872 1034 5 162
Ava 321 563 2 242
Ava 332 489 5 157
Ava 326 376 4 50
Ava 721 764 6 43
Ava 443 573 2 130
Ava 564 680 3 116
Ava 444 464 1 20
Ava 762 1011 5 249
Ava 752 983 2 231
Ava 876 1104 0 228
Ava 318 470 4 152
Ava 405 570 3 165
Ava 382 640 3 258
Ava 854 1047 5 193
Ava 189 222 1 33
Ava 964 1079 3 115
Ava 398 456 4 58
Ava 640 857 1 217
Ava 352 553 2 201
Ava 854 1061 0 207
Ava 461 603 0 142
Ava 442 623 0 181
Ava 625 878 3 253
Ava 207 230 3 23
Ava 953 1160 6 207
Ava 470 636 4 166
Ava 696 883 4 187
Ava 303 391 2 88
Ava 198 330 6 132
Ava 409 579 4 170
Ava 894 1047 3 153
Ava 345 446 2 101
Ava 346 537 6 191
Ava 927 936 6 9
Ava 970 1015 1 45
Ava 871 878 6 7
Ava 916 979 1 63
Ava 685 945 2 260
Ava 189 367 0 178
Ava 386 584 0 198
Ava 837 1101 2 264
Ava 387 444 0 57
Ava 422 652 2 230
Ava 733 864 1 131
Ava 792 968 5 176
Ava 289 310 2 21
Ava 479 703 1 224
Ava 714 825 4 111
Ava 689 754 0 65
Ava 841 914 3 73
Ava 945 1137 5 192
Ava 578 784 0 206
Ava 281 357 5 76
Ava 980 1002 0 22
Ava 602 641 1 39
Ava 787 798 1 11
Ava 764 982 3 218
Ava 245 355 2 110
Ava 885 1143 1 258
Ava 847 1053 5 206
Ava 659 844 5 185
Ava 401 482 1 81
Ava 609 795 0 186
Ava 681 752 6 71
Ava 855 1076 0 221
Ava 505 752 4 247
Ava 830 899 2 69
Ava 556 658 4 102
Ava 623 823 0 200
Ava 682 896 0 214
Ava 834 940 4 106
Ava 484 742 2 258
Ava 570 783 5 213
Ava 536 694 3 158
Ava 656 877 1 221
Ava 785 825 4 40
Ava 363 565 2 202
Ava 975 1124 3 149
Ava 586 676 3 90
Ava 228 397 0 169
Ava 925 1162 6 237
Ava 728 760 4 32
Ava 692 958 1 266
Ava 713 731 1 18
Ava 981 1223 4 242
Ava 876 912 2 36
Ava 527 665 1 138
Ava 947 1012 5 65
Ava 471 612 4 141
Ava 804 894 0 90
Ava 716 746 0 30
Ava 469 649 1 180
Ava 434 457 5 23
Ava 974 1016 4 42
Ava 678 852 5 174
Ava 946 1112 6 166
Ava 264 417 4 153
Ava 621 823 5 202
Ava 907 978 6 71
Ava 841 1012 2 171
Ava 237 328 2 91
Ava 607 628 0 21
Ava 272 373 2 101
Ava 315 528 1 213
Ava 605 679 3 74
Ava 829 951 6 122
Ava 671 725 3 54
Ava 528 607 4 79
Ava 532 600 3 68
Ava 360 519 2 159
Ava 810 1043 5 233
Ava 692 751 1 59
Ava 321 440 6 119
Ava 762 817 0 55
Ava 603 621 6 18
Ava 256 273 4 17
Ava 968 1022 5 54
Ava 886 1050 1 164
Ava 929 1048 0 119
Ava 444 620 3 176
Ava 457 511 1 54
Ava 262 366 6 104
Ava 297 531 3 234
Ava 812 1050 2 238
Ava 595 791 1 196
Ava 637 868 2 231
Ava 346 534 4 188
Ava 270 450 3 180
Ava 836 1088 2 252
Ava 968 1095 4 127
Ava 532 670 0 138
Ava 382 640 1 258
Ava 580 679 2 99
Ava 733 895 1 162
Ava 321 364 4 43
Ava 786 912 0 126
Ava 373 560 3 187
Ava 694 890 1 196
Ava 950 1193 6 243
Ava 960 1129 5 169
Ava 766 806 1 40
Ava 723 927 6 204
Ava 762 952 2 190
Ava 906 940 5 34
Ava 802 926 1 124
Ava 482 648 3 166
Ava 436 590 2 154
Ava 894 913 3 19
Ava 861 893 6 32
Ava 662 697 1 35
Ava 385 648 2 263
Ava 343 492 2 149
Ava 714 876 0 162
Ava 413 568 5 155
Ava 891 935 4 44
Ava 531 575 3 44
Ava 829 1039 1 210
Ava 785 890 5 105
Ava 253 324 6 71
Ava 212 466 2 254
Ava 537 742 6 205
Ava 986 1076 6 90
Ava 957 1208 0 251
Ava 293 537 4 244
Ava 728 953 4 225
Ava 495 697 5 202
Ava 593 771 5 178
Ava 520 750 5 230
Ava 459 671 4 212
Ava 896 1141 0 245
Ava 859 918 1 59
Ava 903 1155 0 252
Ava 784 955 4 171
James 478 648 3 170
James 696 862 3 166
James 605 635 5 30
James 350 441 1 91
James 131 404 1 273
James 365 644 2 279
James 375 514 5 139
James 193 351 5 158
James 234 434 5 200
James 598 830 0 232
James 602 753 1 151
James 387 511 3 124
James 267 525 1 258
James 642 672 1 30
James 463 503 3 40
James 151 258 0 107
James 565 641 6 76
James 650 753 4 103
James 391 685 0 294
James 545 710 4 165
James 245 316 2 71
James 741 963 2 222
James 445 609 0 164
James 660 878 1 218
James 396 491 5 95
James 737 914 6 177
James 733 864 4 131
James 482 597 0 115
James 162 252 1 90
James 177 223 3 46
James 779 823 3 44
James 268 321 0 53
James 272 379 1 107
James 471 567 1 96
James 558 607 6 49
James 416 542 1 126
James 227 489 1 262
James 333 501 6 168
James 449 589 5 140
James 654 852 6 198
James 471 616 5 145
James 539 734 3 195
James 409 422 4 13
James 271 479 0 208
James 437 447 2 10
James 142 302 4 160
James 322 351 0 29
James 777 886 4 109
James 598 856 6 258
James 343 436 3 93
James 703 790 5 87
James 386 601 0 215
James 229 488 6 259
James 385 431 5 46
James 649 850 2 201
James 552 643 5 91
James 141 292 4 151
James 514 598 1 84
James 365 564 6 199
James 685 798 5 113
James 415 554 5 139
James 720 758 2 38
James 691 930 5 239
James 421 582 2 161
James 157 307 4 150
James 221 431 5 210
James 132 290 3 158
James 586 792 3 206
James 793 855 1 62
James 574 636 1 62
James 479 567 3 88
James 742 956 2 214
James 364 532 1 168
James 530 650 2 120
James 358 453 3 95
James 726 761 0 35
James 540 723 5 183
James 434 526 6 92
James 718 747 2 29
James 307 419 3 112
James 563 752 3 189
James 272 448 1 176
James 151 447 1 296
James 394 661 3 267
James 448 525 4 77
James 203 430 2 227
James 586 762 4 176
James 488 570 2 82
James 293 500 1 207
James 342 363 5 21
James 323 587 6 264
James 405 620 0 215
James 692 816 4 124
James 452 677 4 225
James 174 267 1 93
James 294 439 4 145
James 351 535 3 184
James 680 754 1 74
James 537 832 1 295
James 305 323 4 18
James 276 460 6 184
James 141 282 0 141
James 517 634 1 117
James 753 1012 1 259
James 457 520 3 63
James 192 404 5 212
James 392 408 2 16
James 710 831 5 121
James 272 453 0 181
James 229 466 6 237
James 609 654 1 45
James 575 796 0 221
James 746 768 5 22
James 251 345 0 94
James 282 379 5 97
James 549 820 1 271
James 511 636 2 125
James 319 391 6 72
James 720 905 0 185
James 314 481 0 167
James 515 651 3 136
James 704 947 1 243
James 555 629 4 74
James 352 502 2 150
James 663 825 6 162
James 762 995 3 233
James 216 468 1 252
James 155 368 6 213
James 326 430 5 104
James 795 811 5 16
James 619 915 0 296
James 795 970 0 175
James 672 701 0 29
James 265 558 0 293
James 224 238 1 14
James 182 415 6 233
James 637 896 4 259
James 143 384 3 241
James 433 526 0 93
James 719 906 0 187
James 591 737 3 146
James 487 676 6 189
James 365 457 2 92
James 707 801 4 94
James 624 796 1 172
James 761 933 1 172
James 388 616 2 228
James 705 762 3 57
James 398 450 3 52
James 396 585 4 189
James 301 404 3 103
James 273 330 3 57
James 216 297 4 81
James 244 539 1 295
James 325 367 6 42
James 735 777 2 42
James 600 651 3 51
James 635 750 1 115
James 663 847 2 184
James 212 239 4 27
James 452 508 2 56
James 153 165 0 12
James 564 854 1 290
James 158 281 3 123
James 566 681 3 115
James 554 813 3 259
James 372 487 2 115
James 561 648 4 87
James 605 662 0 57
James 647 869 4 222
James 337 395 2 58
James 535 649 2 114
James 476 700 4 224
James 610 829 5 219
James 673 942 3 269
James 234 450 5 216
James 706 837 4 131
James 442 595 4 153
James 354 576 0 222
James 333 611 0 278
James 762 945 0 183
James 204 335 5 131
James 279 402 4 123
James 185 484 0 299
James 714 970 2 256
James 591 827 2 236
James 229 306 6 77
James 727 945 3 218
James 688 724 4 36
James 204 401 4 197
James 218 470 1 252
James 711 892 1 181
James 166 429 0 263
James 571 596 5 25
James 375 508 3 133
James 268 373 2 105
James 796 868 6 72
James 600 865 4 265
James 525 585 4 60
James 265 271 5 6
Isabella 897 954 0 57
Isabella 696 859 0 163
Isabella 870 928 2 58
Isabella 742 797 3 55
Isabella 710 753 3 43
Isabella 408 482 3 74
Isabella 334 388 6 54
Isabella 494 576 1 82
Isabella 442 565 3 123
Isabella 710 845 1 135
Isabella 361 446 3 85
Isabella 420 495 4 75
Isabella 919 944 6 25
Isabella 1002 1065 0 63
Isabella 867 995 4 128
Isabella 485 621 0 136
Isabella 345 481 3 136
Isabella 631 736 2 105
Isabella 530 660 0 130
Isabella 757 888 4 131
Isabella 988 1126 4 138
Isabella 495 651 2 156
Isabella 794 914 2 120
Isabella 446 599 4 153
Isabella 326 416 1 90
Isabella 854 959 2 105
Isabella 758 770 2 12
Isabella 546 623 0 77
Isabella 521 554 4 33
Isabella 536 657 1 121
Isabella 603 632 3 29
Isabella 597 680 4 83
Isabella 927 1031 3 104
Isabella 483 535 4 52
Isabella 403 424 4 21
Isabella 540 637 6 97
Isabella 548 582 0 34
Isabella 463 543 4 80
Isabella 1017 1092 5 75
Isabella 874 879 3 5
Isabella 467 553 1 86
Isabella 498 501 0 3
Isabella 733 851 2 118
Isabella 430 486 5 56
Isabella 760 783 2 23
Isabella 708 795 3 87
Isabella 986 1032 5 46
Isabella 964 1022 6 58
Isabella 462 533 4 71
Isabella 232 385 4 153
Isabella 595 695 1 100
Isabella 780 789 6 9
Isabella 1054 1183 6 129
Isabella 945 1057 5 112
Isabella 503 613 0 110
Isabella 328 347 6 19
Isabella 959 1049 6 90
Isabella 635 690 2 55
Isabella 907 962 0 55
Isabella 341 416 0 75
Isabella 1001 1127 6 126
Isabella 713 828 3 115
Isabella 1028 1088 1 60
Isabella 368 404 5 36
Isabella 452 608 0 156
Isabella 658 695 1 37
Isabella 944 1012 4 68
Isabella 423 492 6 69
Isabella 314 438 3 124
Isabella 862 992 1 130
Isabella 535 561 4 26
Isabella 433 488 4 55
Isabella 651 686 0 35
Isabella 787 808 1 21
Isabella 1021 1022 5 1
Isabella 266 405 6 139
Isabella 670 737 5 67
Isabella 909 914 3 5
Isabella 390 460 4 70
Isabella 390 488 0 98
Isabella 819 834 0 15
Isabella 761 901 5 140
Isabella 795 818 1 23
Isabella 1028 1111 2 83
Isabella 648 713 4 65
Isabella 888 980 1 92
Isabella 712 814 6 102
Isabella 1062 1166 1 104
Isabella 1016 1022 5 6
Isabella 979 1054 3 75
Isabella 435 584 3 149
Isabella 871 957 3 86
Isabella 598 677 6 79
Isabella 1029 1148 5 119
Isabella 853 863 4 10
Isabella 872 946 1 74
Isabella 651 722 4 71
Isabella 271 421 1 150
Isabella 404 479 6 75
Isabella 730 761 4 31
Isabella 804 901 6 97
Isabella 918 1021 3 103
Isabella 917 1025 6 108
Isabella 569 699 4 130
Isabella 1063 1096 2 33
Isabella 572 702 3 130
Isabella 772 934 1 162
Isabella 519 605 2 86
Isabella 900 1024 5 124
Isabella 1012 1029 0 17
Isabella 954 1009 5 55
Isabella 694 759 5 65
Isabella 398 496 5 98
Isabella 834 839 3 5
Isabella 603 629 1 26
Isabella 910 920 6 10
Isabella 428 462 0 34
Isabella 564 708 4 144
Isabella 665 708 3 43
Isabella 797 901 6 104
Isabella 672 809 5 137
Isabella 485 591 4 106
Isabella 288 358 4 70
Isabella 656 763 4 107
Isabella 708 732 0 24
Isabella 385 443 3 58
Isabella 786 821 2 35
Isabella 784 813 6 29
Isabella 1026 1070 5 44
Isabella 577 651 5 74
Isabella 519 543 4 24
Isabella 318 481 0 163
Isabella 953 1004 6 51
Isabella 527 675 5 148
Isabella 306 449 2 143
Isabella 974 1064 1 90
Isabella 848 1007 2 159
Isabella 948 979 0 31
Isabella 401 516 5 115
Isabella 300 426 6 126
Isabella 932 939 4 7
Isabella 703 840 1 137
Isabella 315 425 1 110
Isabella 517 558 3 41
Isabella 325 463 5 138
Isabella 474 582 6 108
Isabella 469 609 0 140
Isabella 447 500 3 53
Isabella 1051 1205 3 154
Isabella 682 758 2 76
Isabella 426 494 0 68
Isabella 819 900 2 81
Isabella 669 737 4 68
Isabella 266 286 5 20
Isabella 879 987 6 108
Isabella 553 612 6 59
Isabella 976 989 3 13
Isabella 558 670 6 112
Isabella 875 982 1 107
Isabella 370 526 2 156
Isabella 625 631 0 6
Isabella 807 901 1 94
Isabella 733 761 3 28
Isabella 863 1019 1 156
Isabella 882 1027 1 145
Isabella 590 616 1 26
Isabella 822 876 2 54
Isabella 719 798 4 79
Isabella 693 831 3 138
Isabella 963 1086 2 123
Isabella 317 411 0 94
Isabella 667 710 2 43
Isabella 943 1026 2 83
Isabella 603 714 0 111
Isabella 381 496 2 115
Isabella 435 467 0 32
Isabella 443 486 2 43
Isabella 725 782 3 57
Isabella 691 715 6 24
Isabella 976 1006 1 30
Isabella 972 1094 5 122
Isabella 367 431 3 64
Isabella 756 789 4 33
Isabella 795 863 2 68
Isabella 461 572 2 111
Isabella 402 472 2 70
Isabella 248 390 3 142
Isabella 375 499 5 124
Isabella 446 464 3 18
Isabella 779 820 4 41
Isabella 350 418 1 68
Isabella 317 430 3 113
Isabella 823 847 4 24
Isabella 814 873 0 59
Isabella 424 435 0 11
Isabella 291 322 4 31
Isabella 274 290 0 16
Isabella 287 318 5 31
Isabella 365 450 2 85
Isabella 349 349 2 0
Oliver 430 578 4 148
Oliver 648 751 2 103
Oliver 255 387 4 132
Oliver 774 909 2 135
Oliver 614 752 1 138
Oliver 561 602 6 41
Oliver 640 772 6 132
Oliver 802 806 2 4
Oliver 772 849 1 77
Oliver 577 755 6 178
Oliver 650 698 4 48
Oliver 637 692 5 55
Oliver 430 448 1 18
Oliver 752 822 5 70
Oliver 347 366 0 19
Oliver 452 465 6 13
Oliver 388 520 2 132
Oliver 311 517 3 206
Oliver 524 630 2 106
Oliver 223 324 1 101
Oliver 782 876 0 94
Oliver 235 432 3 197
Oliver 418 636 0 218
Oliver 508 658 6 150
Oliver 751 753 0 2
Oliver 671 696 1 25
Oliver 268 402 3 134
Oliver 268 452 5 184
Oliver 308 325 3 17
Oliver 244 408 1 164
Oliver 783 987 0 204
Oliver 391 397 2 6
Oliver 189 250 3 61
Oliver 528 582 2 54
Oliver 477 503 6 26
Oliver 513 547 5 34
Oliver 821 1023 5 202
Oliver 377 533 2 156
Oliver 538 544 2 6
Oliver 692 700 3 8
Oliver 353 359 5 6
Oliver 815 965 6 150
Oliver 544 720 1 176
Oliver 557 697 5 140
Oliver 622 670 4 48
Oliver 635 646 3 11
Oliver 367 493 5 126
Oliver 452 666 6 214
Oliver 431 443 2 12
Oliver 470 543 5 73
Oliver 472 621 2 149
Oliver 177 422 0 245
Oliver 591 730 5 139
Oliver 522 746 0 224
Oliver 610 749 0 139
Oliver 390 401 1 11
Oliver 810 853 2 43
Oliver 419 491 2 72
Oliver 233 250 4 17
Oliver 276 374 4 98
Oliver 346 471 4 125
Oliver 319 488 0 169
Oliver 467 601 6 134
Oliver 316 523 3 207
Oliver 638 819 5 181
Oliver 453 672 3 219
Oliver 218 443 4 225
Oliver 694 877 3 183
Oliver 628 659 3 31
Oliver 529 729 3 200
Oliver 583 587 6 4
Oliver 809 855 5 46
Oliver 502 561 0 59
Oliver 234 404 4 170
Oliver 731 959 1 228
Oliver 342 399 4 57
Oliver 774 787 5 13
Oliver 518 619 4 101
Oliver 222 235 1 13
Oliver 644 773 4 129
Oliver 254 367 2 113
Oliver 399 537 4 138
Oliver 693 831 2 138
Oliver 704 859 0 155
Oliver 353 473 4 120
Oliver 386 397 4 11
Oliver 510 738 2 228
Oliver 160 335 3 175
Oliver 573 643 6 70
Oliver 241 356 0 115
Oliver 357 464 1 107
Oliver 278 481 2 203
Oliver 539 741 3 202
Oliver 489 606 4 117
Oliver 401 534 0 133
Oliver 202 396 5 194
Oliver 669 704 5 35
Oliver 377 383 3 6
Oliver 304 431 4 127
Oliver 755 926 1 171
Oliver 365 367 3 2
Oliver 251 451 1 200
Oliver 514 739 5 225
Oliver 400 495 3 95
Oliver 718 766 6 48
Oliver 261 461 4 200
Oliver 573 716 1 143
Oliver 526 610 4 84
Oliver 573 649 3 76
Oliver 590 666 1 76
Oliver 512 724 2 212
Oliver 159 263 5 104
Oliver 325 443 4 118
Oliver 516 591 6 75
Oliver 529 651 3 122
Oliver 181 240 5 59
Oliver 362 522 5 160
Oliver 407 526 1 119
Oliver 164 300 6 136
Oliver 772 797 5 25
Oliver 329 352 6 23
Oliver 373 569 5 196
Oliver 329 433 3 104
Oliver 508 685 3 177
Oliver 494 640 3 146
Oliver 444 662 5 218
Oliver 490 522 4 32
Oliver 736 883 6 147
Oliver 468 472 2 4
Oliver 253 464 3 211
Oliver 700 743 2 43
Oliver 678 800 6 122
Oliver 397 549 6 152
Oliver 399 420 6 21
Oliver 270 408 0 138
Oliver 762 777 5 15
Oliver 395 475 3 80
Oliver 576 709 0 133
Oliver 496 562 1 66
Oliver 177 307 4 130
Oliver 634 710 4 76
Oliver 291 535 1 244
Oliver 483 568 2 85
Oliver 397 561 3 164
Oliver 638 640 3 2
Oliver 774 875 5 101
Oliver 642 817 3 175
Oliver 283 373 2 90
Oliver 398 626 1 228
Oliver 403 549 4 146
Oliver 172 342 5 170
Oliver 814 853 1 39
Oliver 623 815 4 192
Oliver 487 592 4 105
Oliver 625 800 0 175
Oliver 158 296 1 138
Oliver 389 607 3 218
Oliver 249 344 2 95
Oliver 799 1012 4 213
Oliver 795 1008 5 213
Oliver 325 549 3 224
Oliver 784 873 0 89
Oliver 488 628 1 140
Oliver 749 753 2 4
Oliver 563 727 3 164
Oliver 501 688 1 187
Oliver 384 558 0 174
Oliver 625 698 3 73
Oliver 638 706 3 68
Oliver 560 700 4 140
Oliver 598 629 3 31
Oliver 706 860 0 154
Oliver 650 693 3 43
Oliver 472 618 1 146
Oliver 476 708 0 232
Oliver 203 338 2 135
Oliver 309 454 5 145
Oliver 592 813 3 221
Oliver 573 594 3 21
Oliver 259 397 0 138
Oliver 343 461 0 118
Oliver 235 481 0 246
Oliver 569 801 0 232
Oliver 578 667 4 89
Oliver 246 419 1 173
Oliver 566 708 5 142
Oliver 794 803 5 9
Oliver 538 697 0 159
Oliver 580 737 4 157
Oliver 809 833 5 24
Oliver 359 577 3 218
Oliver 453 533 5 80
Oliver 728 949 4 221
Oliver 740 767 2 27
Oliver 561 766 1 205
Oliver 334 430 1 96
Oliver 482 647 1 165
Oliver 753 947 5 194
Oliver 539 558 6 19
Oliver 630 766 4 136
Sophia 281 291 1 10
Sophia 480 624 3 144
Sophia 775 907 1 132
Sophia 266 341 1 75
Sophia 468 553 3 85
Sophia 778 913 2 135
Sophia 624 699 0 75
Sophia 569 670 0 101
Sophia 334 496 2 162
Sophia 144 214 4 70
Sophia 220 268 6 48
Sophia 475 543 1 68
Sophia 563 676 0 113
Sophia 825 919 3 94
Sophia 527 673 3 146
Sophia 876 919 6 43
Sophia 740 761 4 21
Sophia 303 347 1 44
Sophia 807 837 3 30
Sophia 655 670 0 15
Sophia 534 693 0 159
Sophia 658 717 6 59
Sophia 259 389 2 130
Sophia 168 288 0 120
Sophia 478 556 3 78
Sophia 713 785 1 72
Sophia 230 362 6 132
Sophia 168 269 1 101
Sophia 222 301 0 79
Sophia 85 179 1 94
Sophia 724 802 1 78
Sophia 703 703 6 0
Sophia 570 638 2 68
Sophia 146 180 5 34
Sophia 32 47 2 15
Sophia 68 82 4 14
Sophia 139 263 4 124
Sophia 303 365 6 62
Sophia 175 312 3 137
Sophia 702 711 0 9
Sophia 510 596 6 86
Sophia 603 613 6 10
Sophia 539 694 2 155
Sophia 481 553 4 72
Sophia 444 503 1 59
Sophia 369 401 3 32
Sophia 235 294 5 59
Sophia 454 513 0 59
Sophia 588 673 5 85
Sophia 51 81 5 30
Sophia 295 311 0 16
Sophia 183 251 3 68
Sophia 375 519 3 144
Sophia 511 561 0 50
Sophia 650 692 0 42
Sophia 661 798 5 137
Sophia 147 234 0 87
Sophia 885 1015 3 130
Sophia 614 769 3 155
Sophia 347 454 1 107
Sophia 478 491 5 13
Sophia 595 644 0 49
Sophia 736 888 4 152
Sophia 268 274 5 6
Sophia 224 307 3 83
Sophia 651 738 2 87
Sophia 860 954 3 94
Sophia 500 626 0 126
Sophia 146 264 1 118
Sophia 142 224 0 82
Sophia 138 279 2 141
Sophia 319 345 1 26
Sophia 746 842 4 96
Sophia 630 636 6 6
Sophia 169 206 0 37
Sophia 324 338 1 14
Sophia 734 815 5 81
Sophia 584 587 2 3
Sophia 151 198 4 47
Sophia 863 989 2 126
Sophia 404 490 5 86
Sophia 810 909 3 99
Sophia 18 114 5 96
Sophia 216 269 5 53
Sophia 559 670 5 111
Sophia 797 892 6 95
Sophia 633 645 6 12
Sophia 257 302 6 45
Sophia 501 582 3 81
Sophia 622 736 5 114
Sophia 393 503 5 110
Sophia 58 132 3 74
Sophia 277 351 1 74
Sophia 508 555 5 47
Sophia 112 172 0 60
Sophia 876 879 6 3
Sophia 670 737 2 67
Sophia 183 268 1 85
Sophia 719 813 4 94
Sophia 701 703 3 2
Sophia 555 664 6 109
Sophia 130 186 1 56
Sophia 554 648 4 94
Sophia 157 218 5 61
Sophia 93 138 4 45
Sophia 401 480 2 79
Sophia 883 1028 5 145
Sophia 213 349 0 136
Sophia 846 861 4 15
Sophia 882 1025 0 143
Sophia 21 160 5 139
Sophia 830 958 1 128
Sophia 338 493 4 155
Sophia 619 686 3 67
Sophia 780 838 1 58
Sophia 625 784 2 159
Sophia 20 158 2 138
Sophia 240 249 0 9
Sophia 875 876 4 1
Sophia 183 258 3 75
Sophia 215 266 3 51
Sophia 57 193 0 136
Sophia 342 508 0 166
Sophia 450 480 3 30
Sophia 666 802 4 136
Sophia 139 154 3 15
Sophia 220 384 0 164
Sophia 839 989 0 150
Sophia 848 1007 1 159
Sophia 728 868 6 140
Sophia 460 560 1 100
Sophia 780 885 3 105
Sophia 218 291 5 73
Sophia 383 383 1 0
Sophia 309 460 3 151
Sophia 98 222 6 124
Sophia 557 668 0 111
Sophia 357 411 5 54
Sophia 691 800 6 109
Sophia 574 596 2 22
Sophia 783 865 2 82
Sophia 539 613 0 74
Sophia 881 918 2 37
Sophia 506 544 5 38
Sophia 880 945 0 65
Sophia 544 678 2 134
Sophia 576 721 6 145
Sophia 680 710 3 30
Sophia 590 661 6 71
Sophia 386 412 6 26
Sophia 756 794 1 38
Sophia 110 152 4 42
Sophia 205 268 0 63
Sophia 405 561 1 156
Sophia 313 459 1 146
Sophia 596 692 0 96
Sophia 426 496 2 70
Sophia 820 903 0 83
Sophia 118 222 1 104
Sophia 287 386 2 99
Sophia 441 444 6 3
Sophia 267 395 1 128
Sophia 889 1002 0 113
Sophia 19 168 6 149
Sophia 699 774 0 75
Sophia 591 667 3 76
Sophia 293 386 5 93
Sophia 836 987 1 151
Sophia 198 269 2 71
Sophia 810 823 0 13
Sophia 147 285 0 138
Sophia 310 315 5 5
Sophia 482 511 5 29
Sophia 298 389 0 91
Sophia 524 576 1 52
Sophia 256 365 5 109
Sophia 270 355 4 85
Sophia 381 473 0 92
Sophia 277 423 1 146
Sophia 535 646 1 111
Sophia 385 458 6 73
Sophia 358 483 3 125
Sophia 460 619 2 159
Sophia 85 86 5 1
Sophia 647 786 1 139
Sophia 277 373 1 96
Sophia 757 904 4 147
Sophia 759 891 5 132
Sophia 274 326 5 52
Sophia 524 647 2 123
Sophia 878 990 1 112
Sophia 875 953 5 78
Sophia 378 537 2 159
Sophia 66 123 5 57
Sophia 757 801 1 44
Sophia 819 953 1 134
Sophia 737 852 4 115
Sophia 195 233 2 38
Sophia 610 764 3 154
Sophia 415 486 6 71
Benjamin 516 559 0 43
Benjamin 997 1004 2 7
Benjamin 1036 1119 1 83
Benjamin 336 428 5 92
Benjamin 696 696 4 0
Benjamin 892 952 0 60
Benjamin 845 930 3 85
Benjamin 554 574 5 20
Benjamin 1021 1113 6 92
Benjamin 463 542 6 79
Benjamin 193 292 6 99
Benjamin 641 677 6 36
Benjamin 608 645 1 37
Benjamin 293 325 4 32
Benjamin 853 869 5 16
Benjamin 230 332 3 102
Benjamin 956 1001 0 45
Benjamin 740 799 1 59
Benjamin 511 546 2 35
Benjamin 666 769 1 103
Benjamin 283 304 2 21
Benjamin 662 735 1 73
Benjamin 669 702 3 33
Benjamin 893 987 2 94
Benjamin 476 529 0 53
Benjamin 723 785 2 62
Benjamin 1038 1045 2 7
Benjamin 552 628 2 76
Benjamin 1047 1069 0 22
Benjamin 1071 1102 6 31
Benjamin 1054 1068 1 14
Benjamin 1024 1031 2 7
Benjamin 691 707 2 16
Benjamin 597 609 1 12
Benjamin 232 297 4 65
Benjamin 859 899 6 40
Benjamin 978 1079 2 101
Benjamin 852 910 3 58
Benjamin 338 339 4 1
Benjamin 582 654 0 72
Benjamin 306 401 1 95
Benjamin 795 842 2 47
Benjamin 576 655 0 79
Benjamin 765 867 3 102
Benjamin 903 988 0 85
Benjamin 856 951 2 95
Benjamin 229 254 6 25
Benjamin 674 735 2 61
Benjamin 1064 1099 2 35
Benjamin 770 810 5 40
Benjamin 444 552 3 108
Benjamin 460 572 0 112
Benjamin 740 755 2 15
Benjamin 228 316 3 88
Benjamin 549 652 6 103
Benjamin 1070 1121 5 51
Benjamin 546 569 2 23
Benjamin 357 378 5 21
Benjamin 754 770 1 16
Benjamin 696 724 1 28
Benjamin 601 679 6 78
Benjamin 588 691 4 103
Benjamin 256 263 0 7
Benjamin 626 656 5 30
Benjamin 251 271 4 20
Benjamin 978 999 5 21
Benjamin 921 998 5 77
Benjamin 1078 1168 6 90
Benjamin 1080 1096 6 16
Benjamin 541 595 5 54
Benjamin 393 502 2 109
Benjamin 500 533 5 33
Benjamin 510 550 6 40
Benjamin 346 373 2 27
Benjamin 457 492 5 35
Benjamin 566 622 6 56
Benjamin 339 367 2 28
Benjamin 904 954 1 50
Benjamin 1054 1082 5 28
Benjamin 354 456 4 102
Benjamin 353 446 4 93
Benjamin 886 970 2 84
Benjamin 758 777 1 19
Benjamin 377 391 5 14
Benjamin 650 667 4 17
Benjamin 931 933 0 2
Benjamin 422 472 3 50
Benjamin 775 850 1 75
Benjamin 884 979 1 95
Benjamin 595 647 1 52
Benjamin 1015 1097 6 82
Benjamin 800 862 3 62
Benjamin 904 957 1 53
Benjamin 788 864 2 76
Benjamin 809 900 5 91
Benjamin 728 785 6 57
Benjamin 438 550 1 112
Benjamin 677 707 0 30
Benjamin 784 882 3 98
Benjamin 660 669 1 9
Benjamin 640 663 0 23
Benjamin 480 492 3 12
Benjamin 496 536 2 40
Benjamin 272 312 3 40
Benjamin 637 663 1 26
Benjamin 235 291 5 56
Benjamin 1100 1139 4 39
Benjamin 1075 1172 3 97
Benjamin 832 873 3 41
Benjamin 814 852 6 38
Benjamin 360 456 0 96
Benjamin 751 768 0 17
Benjamin 408 489 0 81
Benjamin 449 553 2 104
Benjamin 507 606 1 99
Benjamin 686 787 6 101
Benjamin 832 833 5 1
Benjamin 607 621 5 14
Benjamin 232 250 4 18
Benjamin 302 343 3 41
Benjamin 348 432 6 84
Benjamin 816 908 2 92
Benjamin 234 287 3 53
Benjamin 807 867 4 60
Benjamin 789 822 3 33
Benjamin 314 337 2 23
Benjamin 1063 1144 0 81
Benjamin 1045 1053 5 8
Benjamin 676 700 2 24
Benjamin 661 690 3 29
Benjamin 983 1070 5 87
Benjamin 884 954 3 70
Benjamin 202 274 5 72
Benjamin 332 349 3 17
Benjamin 520 524 0 4
Benjamin 526 560 4 34
Benjamin 631 726 4 95
Benjamin 899 899 2 0
Benjamin 282 316 4 34
Benjamin 1046 1068 3 22
Benjamin 654 725 6 71
Benjamin 321 392 5 71
Benjamin 326 337 6 11
Benjamin 1047 1113 3 66
Benjamin 373 458 4 85
Benjamin 1025 1089 0 64
Benjamin 281 296 5 15
Benjamin 659 749 0 90
Benjamin 315 331 6 16
Benjamin 402 442 5 40
Benjamin 553 621 4 68
Benjamin 1020 1020 1 0
Benjamin 916 992 3 76
Benjamin 1003 1028 0 25
Benjamin 1039 1075 6 36
Benjamin 454 474 3 20
Benjamin 419 460 6 41
Benjamin 502 546 4 44
Benjamin 563 563 3 0
Benjamin 1081 1165 5 84
Benjamin 858 869 6 11
Benjamin 1094 1189 6 95
Benjamin 480 494 0 14
Benjamin 1007 1058 3 51
Benjamin 809 870 4 61
Benjamin 1057 1142 2 85
Benjamin 612 706 3 94
Benjamin 1061 1114 6 53
Benjamin 1030 1084 6 54
Benjamin 227 282 0 55
Benjamin 204 248 3 44
Benjamin 184 202 1 18
Benjamin 344 377 0 33
Benjamin 561 596 3 35
Benjamin 1009 1103 4 94
Benjamin 631 697 6 66
Benjamin 900 1006 3 106
Benjamin 216 245 6 29
Benjamin 576 668 2 92
Benjamin 319 370 0 51
Benjamin 887 900 3 13
Benjamin 1057 1101 3 44
Benjamin 460 523 5 63
Benjamin 524 604 2 80
Benjamin 341 374 3 33
Benjamin 439 479 6 40
Benjamin 464 537 0 73
Benjamin 1083 1118 3 35
Benjamin 330 363 5 33
Benjamin 325 389 0 64
Benjamin 637 655 0 18
Benjamin 893 983 0 90
Benjamin 311 333 4 22
Benjamin 324 325 0 1
Benjamin 759 834 2 75
Benjamin 589 690 3 101
Benjamin 749 799 5 50
Benjamin 182 228 6 46
Benjamin 505 530 1 25
Benjamin 602 673 3 71
Charlotte 872 963 6 91
Charlotte 990 1223 2 233
Charlotte 784 1097 5 313
Charlotte 421 723 0 302
Charlotte 683 732 6 49
Charlotte 388 733 3 345
Charlotte 909 1033 2 124
Charlotte 989 1021 1 32
Charlotte 541 943 5 402
Charlotte 698 928 3 230
Charlotte 500 847 2 347
Charlotte 441 487 3 46
Charlotte 358 601 5 243
Charlotte 962 1285 2 323
Charlotte 368 505 3 137
Charlotte 877 1173 6 296
Charlotte 887 1248 2 361
Charlotte 406 675 0 269
Charlotte 1013 1095 5 82
Charlotte 397 596 3 199
Charlotte 1008 1235 0 227
Charlotte 1000 1371 1 371
Charlotte 590 683 6 93
Charlotte 927 1178 2 251
Charlotte 1010 1052 1 42
Charlotte 574 938 5 364
Charlotte 855 1164 1 309
Charlotte 670 1007 6 337
Charlotte 707 1154 3 447
Charlotte 753 930 6 177
Charlotte 988 1160 1 172
Charlotte 879 1045 2 166
Charlotte 639 991 2 352
Charlotte 617 986 6 369
Charlotte 418 556 6 138
Charlotte 393 536 1 143
Charlotte 601 641 6 40
Charlotte 549 975 0 426
Charlotte 552 826 5 274
Charlotte 818 927 5 109
Charlotte 675 1068 5 393
Charlotte 908 1060 1 152
Charlotte 496 895 6 399
Charlotte 574 607 1 33
Charlotte 908 1285 1 377
Charlotte 408 420 0 12
Charlotte 471 733 5 262
Charlotte 376 399 1 23
Charlotte 894 1120 2 226
Charlotte 852 885 5 33
Charlotte 390 725 0 335
Charlotte 840 1139 3 299
Charlotte 550 979 3 429
Charlotte 579 675 5 96
Charlotte 970 1109 2 139
Charlotte 679 1069 1 390
Charlotte 542 679 0 137
Charlotte 980 1150 3 170
Charlotte 570 696 3 126
Charlotte 613 705 3 92
Charlotte 1000 1238 1 238
Charlotte 738 918 3 180
Charlotte 647 666 5 19
Charlotte 795 1203 5 408
Charlotte 362 792 3 430
Charlotte 436 549 3 113
Charlotte 625 667 0 42
Charlotte 974 1148 0 174
Charlotte 591 898 2 307
Charlotte 719 850 5 131
Charlotte 900 1063 4 163
Charlotte 561 579 3 18
Charlotte 424 691 0 267
Charlotte 481 902 1 421
Charlotte 917 1227 0 310
Charlotte 497 572 1 75
Charlotte 620 656 6 36
Charlotte 859 1218 1 359
Charlotte 1003 1084 2 81
Charlotte 771 1230 0 459
Charlotte 539 590 3 51
Charlotte 585 727 1 142
Charlotte 946 986 0 40
Charlotte 361 712 0 351
Charlotte 388 641 1 253
Charlotte 869 951 1 82
Charlotte 995 1318 5 323
Charlotte 973 1318 4 345
Charlotte 1001 1389 4 388
Charlotte 799 1035 2 236
Charlotte 380 683 5 303
Charlotte 393 830 3 437
Charlotte 546 615 0 69
Charlotte 429 768 5 339
Charlotte 448 708 1 260
Charlotte 647 1028 2 381
Charlotte 514 653 3 139
Charlotte 758 1076 4 318
Charlotte 732 975 2 243
Charlotte 994 1399 6 405
Charlotte 856 1299 1 443
Charlotte 467 694 0 227
Charlotte 892 940 5 48
Charlotte 887 964 2 77
Charlotte 736 801 0 65
Charlotte 470 740 4 270
Charlotte 567 597 1 30
Charlotte 873 898 6 25
Charlotte 556 579 5 23
Charlotte 1003 1163 4 160
Charlotte 386 609 5 223
Charlotte 673 785 3 112
Charlotte 893 1125 1 232
Charlotte 686 1034 1 348
Charlotte 820 1191 6 371
Charlotte 823 1179 5 356
Charlotte 505 792 6 287
Charlotte 748 832 1 84
Charlotte 374 581 5 207
Charlotte 733 1017 3 284
Charlotte 601 1067 1 466
Charlotte 997 1294 5 297
Charlotte 406 786 5 380
Charlotte 541 590 5 49
Charlotte 440 460 5 20
Charlotte 982 1333 6 351
Charlotte 485 599 0 114
Charlotte 386 459 2 73
Charlotte 522 878 3 356
Charlotte 696 1009 4 313
Charlotte 710 1007 3 297
Charlotte 798 1131 6 333
Charlotte 1019 1392 6 373
Charlotte 525 983 1 458
Charlotte 776 1192 3 416
Charlotte 838 944 3 106
Charlotte 754 869 2 115
Charlotte 742 1041 4 299
Charlotte 599 808 0 209
Charlotte 420 420 6 0
Charlotte 621 675 5 54
Charlotte 463 746 0 283
Charlotte 533 869 0 336
Charlotte 640 685 6 45
Charlotte 820 948 4 128
Charlotte 468 854 3 386
Charlotte 456 637 5 181
Charlotte 718 985 6 267
Charlotte 485 506 1 21
Charlotte 575 598 5 23
Charlotte 785 845 0 60
Charlotte 857 1088 1 231
Charlotte 719 870 1 151
Charlotte 569 707 3 138
Charlotte 703 742 5 39
Charlotte 687 978 3 291
Charlotte 891 1180 4 289
Charlotte 617 624 5 7
Charlotte 830 844 3 14
Charlotte 591 613 4 22
Charlotte 906 1242 1 336
Charlotte 891 1024 6 133
Charlotte 469 583 1 114
Charlotte 976 1013 3 37
Charlotte 475 825 2 350
Charlotte 735 1035 5 300
Charlotte 834 1143 5 309
Charlotte 910 978 1 68
Charlotte 404 677 0 273
Charlotte 725 1012 2 287
Charlotte 501 906 4 405
Charlotte 790 978 2 188
Charlotte 914 944 0 30
Charlotte 532 652 2 120
Charlotte 735 834 3 99
Charlotte 358 566 3 208
Charlotte 505 516 0 11
Charlotte 771 814 6 43
Charlotte 363 659 6 296
Charlotte 799 1052 6 253
Charlotte 482 530 6 48
Charlotte 700 1068 4 368
Charlotte 461 834 2 373
Charlotte 817 1115 5 298
Charlotte 526 545 1 19
Charlotte 553 697 0 144
Charlotte 430 570 2 140
Charlotte 593 897 1 304
Charlotte 946 1088 1 142
Charlotte 796 1219 3 423
Charlotte 763 1102 4 339
Charlotte 587 699 3 112
Charlotte 988 1287 1 299
Charlotte 998 1163 6 165
Charlotte 594 719 3 125
Charlotte 1010 1267 1 257
Charlotte 569 939 3 370
Charlotte 763 1139 0 376
Charlotte 636 973 1 337
Charlotte 1010 1261 4 251
Elijah 583 746 6 163
Elijah 628 900 6 272
Elijah 730 802 2 72
Elijah 1040 1321 3 281
Elijah 1081 1350 3 269
Elijah 923 1237 1 314
Elijah 597 641 6 44
Elijah 812 1001 1 189
Elijah 732 998 5 266
Elijah 879 1099 0 220
Elijah 230 434 0 204
Elijah 591 745 2 154
Elijah 241 532 3 291
Elijah 635 818 4 183
Elijah 751 929 5 178
Elijah 362 679 2 317
Elijah 890 1182 3 292
Elijah 739 1037 5 298
Elijah 503 648 1 145
Elijah 463 720 6 257
Elijah 702 807 6 105
Elijah 382 493 2 111
Elijah 280 337 5 57
Elijah 202 498 6 296
Elijah 338 548 3 210
Elijah 870 1075 1 205
Elijah 878 1116 5 238
Elijah 916 1281 0 365
Elijah 524 544 4 20
Elijah 1063 1065 6 2
Elijah 605 704 3 99
Elijah 1024 1199 5 175
Elijah 278 503 5 225
Elijah 501 836 3 335
Elijah 1015 1385 1 370
Elijah 793 823 3 30
Elijah 549 789 3 240
Elijah 621 626 2 5
Elijah 628 664 0 36
Elijah 1015 1328 3 313
Elijah 321 507 0 186
Elijah 265 410 1 145
Elijah 351 550 0 199
Elijah 434 555 3 121
Elijah 711 1011 0 300
Elijah 944 1288 0 344
Elijah 418 588 1 170
Elijah 405 550 3 145
Elijah 971 1314 1 343
Elijah 479 680 3 201
Elijah 279 501 6 222
Elijah 499 507 5 8
Elijah 1073 1355 0 282
Elijah 594 899 1 305
Elijah 514 685 6 171
Elijah 1026 1233 3 207
Elijah 756 792 1 36
Elijah 881 1195 0 314
Elijah 991 1115 4 124
Elijah 271 600 5 329
Elijah 976 1256 6 280
Elijah 1007 1128 2 121
Elijah 944 1177 4 233
Elijah 358 399 0 41
Elijah 540 703 0 163
Elijah 738 837 0 99
Elijah 736 908 2 172
Elijah 603 606 1 3
Elijah 624 746 0 122
Elijah 463 733 4 270
Elijah 837 1157 2 320
Elijah 579 799 3 220
Elijah 314 534 0 220
Elijah 831 1165 5 334
Elijah 219 278 5 59
Elijah 876 1204 4 328
Elijah 399 596 5 197
Elijah 906 931 5 25
Elijah 588 624 3 36
Elijah 237 354 5 117
Elijah 424 691 2 267
Elijah 368 624 2 256
Elijah 427 640 0 213
Elijah 962 999 6 37
Elijah 440 663 1 223
Elijah 765 813 1 48
Elijah 966 1299 2 333
Elijah 758 896 0 138
Elijah 523 787 1 264
Elijah 708 975 2 267
Elijah 1060 1351 3 291
Elijah 253 453 1 200
Elijah 489 561 6 72
Elijah 1005 1158 3 153
Elijah 869 1209 3 340
Elijah 321 341 5 20
Elijah 608 754 1 146
Elijah 969 1138 1 169
Elijah 454 777 4 323
Elijah 951 1305 2 354
Elijah 637 836 2 199
Elijah 767 1065 1 298
Elijah 458 715 3 257
Elijah 824 919 2 95
Elijah 602 829 0 227
Elijah 747 892 2 145
Elijah 958 1109 2 151
Elijah 265 295 2 30
Elijah 223 274 2 51
Elijah 415 447 2 32
Elijah 968 1218 0 250
Elijah 338 583 0 245
Elijah 539 652 6 113
Elijah 982 1264 1 282
Elijah 1012 1040 6 28
Elijah 453 469 1 16
Elijah 321 408 3 87
Elijah 986 1069 2 83
Elijah 776 848 2 72
Elijah 456 666 1 210
Elijah 990 1320 2 330
Elijah 980 1276 4 296
Elijah 675 1018 3 343
Elijah 944 1103 5 159
Elijah 660 664 1 4
Elijah 831 973 2 142
Elijah 841 1031 4 190
Elijah 835 1075 4 240
Elijah 791 828 5 37
Elijah 823 943 6 120
Elijah 704 918 3 214
Elijah 662 689 0 27
Elijah 571 727 1 156
Elijah 358 405 3 47
Elijah 815 837 1 22
Elijah 993 1308 1 315
Elijah 563 600 1 37
Elijah 1073 1203 3 130
Elijah 327 599 3 272
Elijah 395 656 0 261
Elijah 1072 1351 4 279
Elijah 571 662 6 91
Elijah 452 703 6 251
Elijah 372 614 4 242
Elijah 560 915 2 355
Elijah 299 389 3 90
Elijah 898 902 1 4
Elijah 607 695 1 88
Elijah 247 573 6 326
Elijah 1052 1099 5 47
Elijah 867 997 5 130
Elijah 609 652 2 43
Elijah 933 966 1 33
Elijah 843 1059 5 216
Elijah 907 1068 6 161
Elijah 990 1149 2 159
Elijah 763 898 0 135
Elijah 518 816 0 298
Elijah 863 1133 5 270
Elijah 652 978 1 326
Elijah 800 905 2 105
Elijah 277 514 2 237
Elijah 415 466 3 51
Elijah 980 1253 1 273
Elijah 989 1132 5 143
Elijah 328 513 5 185
Elijah 698 954 1 256
Elijah 232 451 3 219
Elijah 698 719 1 21
Elijah 522 802 0 280
Elijah 424 712 5 288
Elijah 598 599 0 1
Elijah 906 1035 1 129
Elijah 601 840 5 239
Elijah 918 1068 2 150
Elijah 594 637 2 43
Elijah 546 738 3 192
Elijah 580 764 3 184
Elijah 219 251 1 32
Elijah 454 709 1 255
Elijah 490 597 4 107
Elijah 740 838 3 98
Elijah 879 1132 5 253
Elijah 570 742 1 172
Elijah 994 1197 5 203
Elijah 469 592 3 123
Elijah 302 450 1 148
Elijah 302 324 4 22
Elijah 901 922 3 21
Elijah 907 1146 2 239
Elijah 254 499 1 245
Elijah 237 445 0 208
Elijah 1023 1249 1 226
Elijah 524 750 3 226
Elijah 925 1125 4 200
Elijah 354 476 2 122
Elijah 1071 1359 2 288
Elijah 477 535 3 58
Elijah 300 500 4 200
Elijah 216 341 1 125
Mia 583 679 1 96
Mia 285 392 2 107
Mia 207 453 0 246
Mia 1113 1227 4 114
Mia 1024 1189 4 165
Mia 312 337 1 25
Mia 882 1012 1 130
Mia 328 530 4 202
Mia 563 726 6 163
Mia 601 888 0 287
Mia 819 901 6 82
Mia 725 743 2 18
Mia 167 253 6 86
Mia 637 737 2 100
Mia 620 622 2 2
Mia 1081 1198 5 117
Mia 130 296 0 166
Mia 1099 1173 4 74
Mia 563 599 2 36
Mia 841 942 1 101
Mia 785 930 6 145
Mia 669 931 0 262
Mia 1039 1229 4 190
Mia 1116 1436 5 320
Mia 845 949 5 104
Mia 456 578 0 122
Mia 492 522 5 30
Mia 189 290 5 101
Mia 836 1113 2 277
Mia 773 1073 3 300
Mia 369 460 0 91
Mia 986 1055 0 69
Mia 998 1303 3 305
Mia 898 1109 4 211
Mia 783 962 3 179
Mia 311 320 1 9
Mia 1061 1179 3 118
Mia 590 912 3 322
Mia 717 987 1 270
Mia 417 550 5 133
Mia 671 723 1 52
Mia 251 334 5 83
Mia 832 1139 3 307
Mia 985 996 5 11
Mia 380 611 1 231
Mia 594 872 3 278
Mia 258 387 2 129
Mia 589 770 1 181
Mia 666 740 1 74
Mia 568 672 1 104
Mia 594 743 5 149
Mia 1094 1366 2 272
Mia 352 652 5 300
Mia 477 495 6 18
Mia 421 459 4 38
Mia 559 877 3 318
Mia 768 892 2 124
Mia 1112 1144 2 32
Mia 538 561 5 23
Mia 917 1082 5 165
Mia 283 348 2 65
Mia 309 503 4 194
Mia 536 613 6 77
Mia 601 641 5 40
Mia 366 571 0 205
Mia 675 845 6 170
Mia 662 839 5 177
Mia 843 952 6 109
Mia 802 872 3 70
Mia 726 941 6 215
Mia 962 1019 3 57
Mia 921 1146 0 225
Mia 308 630 2 322
Mia 455 614 5 159
Mia 201 361 4 160
Mia 1107 1126 0 19
Mia 419 522 3 103
Mia 1132 1164 5 32
Mia 477 478 1 1
Mia 394 744 0 350
Mia 336 458 4 122
Mia 949 1189 6 240
Mia 594 787 1 193
Mia 522 673 3 151
Mia 622 909 6 287
Mia 281 513 1 232
Mia 355 538 3 183
Mia 767 805 5 38
Mia 348 438 4 90
Mia 904 1080 4 176
Mia 395 575 5 180
Mia 1000 1208 4 208
Mia 286 597 0 311
Mia 1100 1429 4 329
Mia 1117 1239 0 122
Mia 993 1094 4 101
Mia 706 727 5 21
Mia 602 925 2 323
Mia 745 990 1 245
Mia 1102 1111 3 9
Mia 577 805 1 228
Mia 247 308 6 61
Mia 339 611 0 272
Mia 726 805 6 79
Mia 558 800 3 242
Mia 280 382 5 102
Mia 270 501 3 231
Mia 967 1264 3 297
Mia 695 813 6 118
Mia 350 546 2 196
Mia 194 419 6 225
Mia 1103 1307 5 204
Mia 858 1180 2 322
Mia 803 806 4 3
Mia 811 929 3 118
Mia 278 403 2 125
Mia 805 949 6 144
Mia 873 1063 5 190
Mia 565 809 1 244
Mia 301 448 3 147
Mia 299 332 1 33
Mia 966 976 4 10
Mia 214 271 2 57
Mia 777 913 3 136
Mia 207 521 1 314
Mia 886 1212 3 326
Mia 690 983 2 293
Mia 204 383 5 179
Mia 656 938 0 282
Mia 728 836 6 108
Mia 912 1234 5 322
Mia 199 413 1 214
Mia 1049 1183 1 134
Mia 408 557 3 149
Mia 550 613 1 63
Mia 1058 1383 0 325
Mia 362 596 3 234
Mia 234 290 4 56
Mia 518 780 0 262
Mia 164 257 0 93
Mia 377 427 2 50
Mia 811 845 1 34
Mia 283 434 0 151
Mia 625 727 6 102
Mia 1115 1362 0 247
Mia 595 753 2 158
Mia 196 353 4 157
Mia 853 864 2 11
Mia 388 683 5 295
Mia 933 1113 2 180
Mia 687 847 2 160
Mia 1070 1295 0 225
Mia 1086 1216 6 130
Mia 809 1086 0 277
Mia 859 1099 6 240
Mia 136 182 2 46
Mia 934 1182 3 248
Mia 812 816 6 4
Mia 762 907 0 145
Mia 489 640 4 151
Mia 941 1177 2 236
Mia 344 570 3 226
Mia 719 745 0 26
Mia 825 835 5 10
Mia 223 471 0 248
Mia 511 783 5 272
Mia 942 1148 6 206
Mia 349 640 1 291
Mia 928 1039 0 111
Mia 185 456 0 271
Mia 169 222 1 53
Mia 264 500 6 236
Mia 532 584 4 52
Mia 759 1013 2 254
Mia 1015 1110 1 95
Mia 797 917 2 120
Mia 1084 1290 2 206
Mia 227 227 1 0
Mia 927 1174 6 247
Mia 620 633 3 13
Mia 268 551 1 283
Mia 867 1130 6 263
Mia 730 896 2 166
Mia 248 540 1 292
Mia 445 487 4 42
Mia 1073 1168 3 95
Mia 747 780 1 33
Mia 343 572 2 229
Mia 971 1229 5 258
Mia 1065 1072 0 7
Mia 880 1127 3 247
Mia 1111 1315 4 204
Mia 1130 1221 1 91
Mia 876 1209 4 333
Mia 462 810 2 348
Mia 147 476 3 329
Mia 285 335 2 50
Mia 418 520 0 102
Mia 980 1026 1 46
Mia 1117 1227 1 110
Lucas 631 883 1 252
Lucas 355 398 0 43
Lucas 362 614 3 252
Lucas 611 743 6 132
Lucas 424 767 4 343
Lucas 886 944 5 58
Lucas 904 1194 4 290
Lucas 446 689 1 243
Lucas 644 785 3 141
Lucas 198 404 0 206
Lucas 853 1215 1 362
Lucas 667 776 4 109
Lucas 308 497 4 189
Lucas 657 835 2 178
Lucas 397 432 2 35
Lucas 398 428 0 30
Lucas 275 505 1 230
Lucas 604 677 6 73
Lucas 183 327 1 144
Lucas 715 949 5 234
Lucas 276 550 1 274
Lucas 809 1156 0 347
Lucas 372 606 3 234
Lucas 869 983 4 114
Lucas 268 389 5 121
Lucas 786 1055 5 269
Lucas 207 467 1 260
Lucas 210 518 1 308
Lucas 617 874 2 257
Lucas 280 616 2 336
Lucas 904 1078 6 174
Lucas 652 714 6 62
Lucas 457 596 1 139
Lucas 502 703 4 201
Lucas 524 643 4 119
Lucas 327 591 4 264
Lucas 481 841 0 360
Lucas 512 784 3 272
Lucas 942 1019 0 77
Lucas 315 619 6 304
Lucas 490 490 2 0
Lucas 898 933 1 35
Lucas 523 528 2 5
Lucas 247 522 3 275
Lucas 241 464 5 223
Lucas 263 298 4 35
Lucas 280 590 2 310
Lucas 705 984 2 279
Lucas 914 923 5 9
Lucas 736 913 4 177
Lucas 349 657 4 308
Lucas 543 832 5 289
Lucas 454 559 2 105
Lucas 667 942 2 275
Lucas 715 774 4 59
Lucas 212 488 3 276
Lucas 821 849 1 28
Lucas 900 1078 5 178
Lucas 890 951 0 61
Lucas 624 888 6 264
Lucas 841 859 2 18
Lucas 183 245 0 62
Lucas 222 244 6 22
Lucas 279 279 6 0
Lucas 782 972 2 190
Lucas 506 769 4 263
Lucas 881 1126 5 245
Lucas 584 592 1 8
Lucas 385 517 0 132
Lucas 623 643 4 20
Lucas 196 385 6 189
Lucas 575 750 2 175
Lucas 215 559 4 344
Lucas 222 392 5 170
Lucas 239 251 1 12
Lucas 683 800 4 117
Lucas 803 924 0 121
Lucas 464 780 4 316
Lucas 299 596 2 297
Lucas 576 853 4 277
Lucas 484 692 3 208
Lucas 867 890 5 23
Lucas 546 840 3 294
Lucas 940 956 0 16
Lucas 576 720 0 144
Lucas 716 994 6 278
Lucas 191 199 6 8
Lucas 403 444 0 41
Lucas 280 310 6 30
Lucas 396 715 0 319
Lucas 714 775 1 61
Lucas 731 883 4 152
Lucas 833 854 1 21
Lucas 684 692 0 8
Lucas 178 194 3 16
Lucas 793 817 3 24
Lucas 250 326 4 76
Lucas 420 608 1 188
Lucas 253 300 2 47
Lucas 432 721 0 289
Lucas 342 574 4 232
Lucas 597 916 0 319
Lucas 581 913 3 332
Lucas 236 543 2 307
Lucas 269 541 2 272
Lucas 688 714 6 26
Lucas 808 869 1 61
Lucas 937 1154 6 217
Lucas 441 549 2 108
Lucas 499 645 2 146
Lucas 188 508 5 320
Lucas 775 807 2 32
Lucas 270 293 2 23
Lucas 202 376 2 174
Lucas 747 771 4 24
Lucas 783 924 2 141
Lucas 544 919 0 375
Lucas 863 1216 2 353
Lucas 776 994 1 218
Lucas 878 896 5 18
Lucas 536 912 0 376
Lucas 929 1249 6 320
Lucas 260 570 2 310
Lucas 896 1099 3 203
Lucas 674 784 3 110
Lucas 584 857 4 273
Lucas 447 467 1 20
Lucas 292 379 3 87
Lucas 291 433 2 142
Lucas 190 408 6 218
Lucas 851 1108 3 257
Lucas 557 906 1 349
Lucas 329 654 0 325
Lucas 430 486 6 56
Lucas 569 668 1 99
Lucas 206 422 3 216
Lucas 415 507 6 92
Lucas 803 1094 1 291
Lucas 379 617 3 238
Lucas 564 666 0 102
Lucas 777 845 6 68
Lucas 894 1145 5 251
Lucas 250 515 5 265
Lucas 607 643 2 36
Lucas 920 1125 0 205
Lucas 533 619 4 86
Lucas 503 811 5 308
Lucas 528 528 5 0
Lucas 467 660 0 193
Lucas 222 300 1 78
Lucas 465 534 4 69
Lucas 641 936 2 295
Lucas 379 533 6 154
Lucas 422 747 4 325
Lucas 236 586 2 350
Lucas 873 1183 6 310
Lucas 699 759 3 60
Lucas 735 745 6 10
Lucas 854 1082 3 228
Lucas 577 834 4 257
Lucas 495 719 0 224
Lucas 570 758 2 188
Lucas 530 652 4 122
Lucas 230 503 6 273
Lucas 382 561 2 179
Lucas 202 487 5 285
Lucas 262 272 2 10
Lucas 321 644 6 323
Lucas 380 682 5 302
Lucas 504 664 4 160
Lucas 177 191 3 14
Lucas 438 734 4 296
Lucas 571 571 0 0
Lucas 867 1025 3 158
Lucas 886 963 4 77
Lucas 636 666 4 30
Lucas 784 871 5 87
Lucas 292 318 4 26
Lucas 718 1049 0 331
Lucas 746 1003 5 257
Lucas 674 696 1 22
Lucas 525 860 3 335
Lucas 887 900 6 13
Lucas 745 961 6 216
Lucas 886 1103 0 217
Lucas 723 779 1 56
Lucas 334 373 4 39
Lucas 822 1152 0 330
Lucas 794 1021 4 227
Lucas 289 450 6 161
Lucas 518 650 0 132
Lucas 787 827 3 40
Lucas 625 959 5 334
Lucas 611 739 0 128
Lucas 442 665 3 223
Lucas 633 900 2 267
Lucas 394 624 1 230
Lucas 255 529 4 274
Lucas 869 1034 2 165
Lucas 394 717 4 323
Amelia 468 473 3 5
Amelia 1019 1180 2 161
Amelia 542 705 0 163
Amelia 966 990 5 24
Amelia 274 358 6 84
Amelia 489 771 0 282
Amelia 639 867 5 228
Amelia 315 499 1 184
Amelia 351 416 1 65
Amelia 294 436 0 142
Amelia 363 482 6 119
Amelia 786 986 5 200
Amelia 395 685 1 290
Amelia 273 538 3 265
Amelia 977 992 0 15
Amelia 917 1048 3 131
Amelia 1169 1238 0 69
Amelia 529 690 0 161
Amelia 156 172 3 16
Amelia 150 429 0 279
Amelia 262 542 3 280
Amelia 421 626 0 205
Amelia 860 1114 6 254
Amelia 677 780 6 103
Amelia 741 800 5 59
Amelia 1180 1181 1 1
Amelia 1045 1261 2 216
Amelia 1184 1258 3 74
Amelia 247 368 4 121
Amelia 1025 1316 1 291
Amelia 315 330 0 15
Amelia 1092 1324 3 232
Amelia 1171 1327 4 156
Amelia 183 451 2 268
Amelia 1129 1389 4 260
Amelia 429 552 4 123
Amelia 929 994 4 65
Amelia 476 687 4 211
Amelia 203 378 1 175
Amelia 605 867 4 262
Amelia 962 1100 4 138
Amelia 1034 1199 6 165
Amelia 337 426 3 89
Amelia 659 819 3 160
Amelia 577 732 6 155
Amelia 581 662 3 81
Amelia 1145 1272 6 127
Amelia 314 558 1 244
Amelia 853 1013 3 160
Amelia 901 910 5 9
Amelia 152 187 6 35
Amelia 1177 1253 1 76
Amelia 319 454 4 135
Amelia 778 979 5 201
Amelia 455 644 5 189
Amelia 433 645 3 212
Amelia 682 703 4 21
Amelia 152 377 1 225
Amelia 993 1132 4 139
Amelia 783 965 0 182
Amelia 364 591 6 227
Amelia 506 604 5 98
Amelia 676 685 1 9
Amelia 416 623 0 207
Amelia 1076 1353 1 277
Amelia 731 880 2 149
Amelia 480 595 5 115
Amelia 1045 1258 2 213
Amelia 755 790 5 35
Amelia 197 334 1 137
Amelia 169 300 4 131
Amelia 466 741 1 275
Amelia 1048 1302 4 254
Amelia 320 479 4 159
Amelia 594 634 4 40
Amelia 762 821 4 59
Amelia 1088 1143 0 55
Amelia 1016 1149 2 133
Amelia 869 957 2 88
Amelia 405 649 4 244
Amelia 809 875 2 66
Amelia 288 380 3 92
Amelia 171 209 5 38
Amelia 850 903 6 53
Amelia 1175 1424 4 249
Amelia 874 924 1 50
Amelia 727 921 5 194
Amelia 163 328 5 165
Amelia 848 1045 1 197
Amelia 1047 1137 3 90
Amelia 1091 1169 0 78
Amelia 259 294 4 35
Amelia 1207 1452 2 245
Amelia 944 1202 5 258
Amelia 338 514 2 176
Amelia 407 542 6 135
Amelia 205 500 1 295
Amelia 793 1019 3 226
Amelia 151 240 5 89
Amelia 276 305 3 29
Amelia 953 995 5 42
Amelia 210 285 3 75
Amelia 771 967 0 196
Amelia 1200 1287 1 87
Amelia 1038 1204 4 166
Amelia 909 1103 4 194
Amelia 187 360 0 173
Amelia 882 1027 3 145
Amelia 454 702 4 248
Amelia 897 903 3 6
Amelia 1124 1125 1 1
Amelia 931 1042 4 111
Amelia 715 717 1 2
Amelia 787 982 6 195
Amelia 739 979 3 240
Amelia 470 472 3 2
Amelia 150 257 6 107
Amelia 751 760 2 9
Amelia 285 326 0 41
Amelia 979 1207 5 228
Amelia 432 599 2 167
Amelia 937 982 6 45
Amelia 913 991 4 78
Amelia 496 747 6 251
Amelia 514 682 2 168
Amelia 987 1279 1 292
Amelia 154 264 3 110
Amelia 180 190 1 10
Amelia 201 441 5 240
Amelia 1196 1478 4 282
Amelia 1008 1173 5 165
Amelia 159 259 4 100
Amelia 959 1121 5 162
Amelia 460 709 5 249
Amelia 854 900 2 46
Amelia 727 738 6 11
Amelia 1019 1264 6 245
Amelia 832 1092 2 260
Amelia 224 261 1 37
Amelia 1176 1417 3 241
Amelia 552 621 1 69
Amelia 359 506 3 147
Amelia 853 1141 1 288
Amelia 312 432 5 120
Amelia 607 838 1 231
Amelia 667 715 2 48
Amelia 1117 1162 5 45
Amelia 1189 1224 4 35
Amelia 762 978 4 216
Amelia 848 1070 5 222
Amelia 1002 1170 3 168
Amelia 856 1018 4 162
Amelia 514 714 0 200
Amelia 610 785 3 175
Amelia 1098 1133 1 35
Amelia 281 495 6 214
Amelia 548 576 1 28
Amelia 843 971 3 128
Amelia 540 797 6 257
Amelia 1197 1202 2 5
Amelia 781 919 4 138
Amelia 1100 1185 5 85
Amelia 953 1160 2 207
Amelia 1102 1142 2 40
Amelia 1017 1218 0 201
Amelia 613 702 3 89
Amelia 1110 1341 4 231
Amelia 756 844 1 88
Amelia 282 514 5 232
Amelia 257 535 1 278
Amelia 737 897 0 160
Amelia 395 416 2 21
Amelia 224 485 1 261
Amelia 1017 1145 2 128
Amelia 1100 1237 3 137
Amelia 1080 1205 2 125
Amelia 1142 1280 6 138
Amelia 1191 1449 2 258
Amelia 1181 1382 3 201
Amelia 496 774 1 278
Amelia 945 1031 0 86
Amelia 733 748 1 15
Amelia 371 595 2 224
Amelia 242 480 5 238
Amelia 791 951 0 160
Amelia 565 709 6 144
Amelia 1000 1238 2 238
Amelia 423 684 6 261
Amelia 300 463 6 163
Amelia 486 490 3 4
Amelia 764 1023 3 259
Amelia 496 683 3 187
Amelia 924 986 0 62
Amelia 1161 1338 2 177
Amelia 986 1237 0 251
Amelia 670 953 2 283
Amelia 260 348 2 88
Amelia 293 530 6 237
Amelia 283 504 0 221
Amelia 892 1156 4 264
Mason 178 182 1 4
Mason 791 829 0 38
Mason 222 250 2 28
Mason 219 255 3 36
Mason 793 803 3 10
Mason 576 613 6 37
Mason 877 909 0 32
Mason 175 217 2 42
Mason 446 470 3 24
Mason 643 648 1 5
Mason 603 634 5 31
Mason 172 216 3 44
Mason 823 866 3 43
Mason 723 741 2 18
Mason 814 829 4 15
Mason 868 894 2 26
Mason 223 227 1 4
Mason 246 281 5 35
Mason 651 673 5 22
Mason 224 244 2 20
Mason 730 736 3 6
Mason 809 832 5 23
Mason 155 191 0 36
Mason 127 159 6 32
Mason 49 69 0 20
Mason 309 341 3 32
Mason 477 480 3 3
Mason 167 191 1 24
Mason 276 310 4 34
Mason 374 381 4 7
Mason 633 661 5 28
Mason 587 595 4 8
Mason 405 410 0 5
Mason 475 511 1 36
Mason 639 645 4 6
Mason 148 191 2 43
Mason 596 613 4 17
Mason 435 447 2 12
Mason 863 886 6 23
Mason 363 396 1 33
Mason 860 873 2 13
Mason 452 468 5 16
Mason 688 707 5 19
Mason 841 881 0 40
Mason 282 295 3 13
Mason 516 546 6 30
Mason 285 293 6 8
Mason 723 753 1 30
Mason 329 372 4 43
Mason 426 471 6 45
Mason 125 152 4 27
Mason 764 778 5 14
Mason 868 876 2 8
Mason 466 494 3 28
Mason 586 623 6 37
Mason 464 470 2 6
Mason 387 433 0 46
Mason 865 908 0 43
Mason 214 245 2 31
Mason 560 574 3 14
Mason 759 782 6 23
Mason 886 887 3 1
Mason 797 797 2 0
Mason 352 361 2 9
Mason 710 731 3 21
Mason 278 301 5 23
Mason 199 217 3 18
Mason 318 355 6 37
Mason 801 811 3 10
Mason 577 621 6 44
Mason 379 405 1 26
Mason 220 226 2 6
Mason 898 943 1 45
Mason 525 559 2 34
Mason 693 734 4 41
Mason 246 292 5 46
Mason 203 236 2 33
Mason 813 839 0 26
Mason 193 215 5 22
Mason 516 533 4 17
Mason 479 492 3 13
Mason 723 747 1 24
Mason 896 944 0 48
Mason 101 109 3 8
Mason 70 79 2 9
Mason 287 301 1 14
Mason 268 300 3 32
Mason 836 863 3 27
Mason 491 534 3 43
Mason 769 800 3 31
Mason 474 513 6 39
Mason 706 716 4 10
Mason 231 248 1 17
Mason 187 197 2 10
Mason 683 714 3 31
Mason 735 770 5 35
Mason 290 326 2 36
Mason 633 638 2 5
Mason 663 673 2 10
Mason 52 73 2 21
Mason 634 678 1 44
Mason 79 102 4 23
Mason 749 777 0 28
Mason 876 910 3 34
Mason 604 645 0 41
Mason 92 137 6 45
Mason 636 675 5 39
Mason 541 567 0 26
Mason 887 900 5 13
Mason 885 930 1 45
Mason 145 151 1 6
Mason 397 418 1 21
Mason 172 201 1 29
Mason 285 323 1 38
Mason 121 124 4 3
Mason 211 214 1 3
Mason 352 386 1 34
Mason 355 387 5 32
Mason 319 319 2 0
Mason 810 840 1 30
Mason 283 312 5 29
Mason 126 134 1 8
Mason 581 600 2 19
Mason 701 710 1 9
Mason 453 468 3 15
Mason 836 878 0 42
Mason 803 829 2 26
Mason 228 268 4 40
Mason 490 498 4 8
Mason 529 541 3 12
Mason 512 556 1 44
Mason 161 186 5 25
Mason 363 409 5 46
Mason 313 351 2 38
Mason 232 232 3 0
Mason 234 275 4 41
Mason 77 101 6 24
Mason 240 270 1 30
Mason 39 76 3 37
Mason 153 176 2 23
Mason 337 349 0 12
Mason 670 711 3 41
Mason 155 170 3 15
Mason 803 837 6 34
Mason 898 945 0 47
Mason 284 306 5 22
Mason 641 663 4 22
Mason 489 506 1 17
Mason 428 463 6 35
Mason 28 40 6 12
Mason 444 468 5 24
Mason 467 479 2 12
Mason 695 698 0 3
Mason 540 584 1 44
Mason 880 893 0 13
Mason 83 86 4 3
Mason 203 228 5 25
Mason 55 60 2 5
Mason 826 833 3 7
Mason 261 263 3 2
Mason 264 294 0 30
Mason 279 310 3 31
Mason 387 412 0 25
Mason 776 795 5 19
Mason 573 583 6 10
Mason 444 471 3 27
Mason 464 465 3 1
Mason 755 765 3 10
Mason 78 118 6 40
Mason 359 376 3 17
Mason 258 297 1 39
Mason 608 608 1 0
Mason 186 223 5 37
Mason 86 98 1 12
Mason 729 756 6 27
Mason 396 396 6 0
Mason 117 154 3 37
Mason 817 829 1 12
Mason 624 631 1 7
Mason 572 574 2 2
Mason 895 926 5 31
Mason 395 397 1 2
Mason 219 225 1 6
Mason 604 610 0 6
Mason 256 261 5 5
Mason 103 110 4 7
Mason 103 108 2 5
Mason 848 853 1 5
Mason 624 644 0 20
Mason 622 662 6 40
Mason 100 130 0 30
Mason 484 522 3 38
Mason 103 104 4 1
Mason 393 425 6 32
Mason 480 494 1 14
Mason 816 845 5 29
Mason 626 655 5 29
Mason 882 886 0 4
Mason 300 300 6 0
Mason 763 794 0 31
Harper 960 1074 6 114
Harper 566 646 2 80
Harper 411 487 4 76
Harper 591 722 3 131
Harper 608 694 1 86
Harper 628 809 0 181
Harper 737 864 2 127
Harper 385 486 6 101
Harper 1010 1022 2 12
Harper 291 394 2 103
Harper 995 1173 0 178
Harper 413 564 0 151
Harper 857 1137 3 280
Harper 216 393 3 177
Harper 230 436 2 206
Harper 191 339 6 148
Harper 447 565 6 118
Harper 1054 1196 3 142
Harper 262 532 4 270
Harper 950 969 4 19
Harper 1053 1262 4 209
Harper 937 1128 1 191
Harper 967 1086 1 119
Harper 672 916 4 244
Harper 367 628 1 261
Harper 907 1213 0 306
Harper 800 922 1 122
Harper 841 861 6 20
Harper 693 810 4 117
Harper 928 968 4 40
Harper 768 986 4 218
Harper 483 489 1 6
Harper 588 723 1 135
Harper 1050 1056 4 6
Harper 722 761 3 39
Harper 645 743 5 98
Harper 699 879 5 180
Harper 939 1208 4 269
Harper 581 839 0 258
Harper 889 1008 3 119
Harper 942 1040 2 98
Harper 735 749 2 14
Harper 446 639 0 193
Harper 457 637 1 180
Harper 763 929 0 166
Harper 839 1002 4 163
Harper 360 460 4 100
Harper 1027 1260 3 233
Harper 794 1075 3 281
Harper 416 673 3 257
Harper 396 506 0 110
Harper 793 923 4 130
Harper 1042 1337 0 295
Harper 323 336 1 13
Harper 803 866 5 63
Harper 1000 1222 0 222
Harper 310 492 2 182
Harper 1008 1070 1 62
Harper 355 578 0 223
Harper 356 499 1 143
Harper 706 794 0 88
Harper 237 378 5 141
Harper 1006 1129 1 123
Harper 670 707 0 37
Harper 270 466 6 196
Harper 417 437 5 20
Harper 267 508 4 241
Harper 779 796 2 17
Harper 999 1225 3 226
Harper 509 719 1 210
Harper 928 1220 0 292
Harper 755 902 0 147
Harper 734 890 5 156
Harper 609 843 3 234
Harper 714 720 2 6
Harper 1048 1317 0 269
Harper 223 226 4 3
Harper 861 1139 3 278
Harper 324 384 1 60
Harper 222 496 2 274
Harper 278 538 1 260
Harper 954 997 6 43
Harper 262 433 2 171
Harper 213 297 0 84
Harper 471 698 6 227
Harper 746 910 3 164
Harper 1047 1099 0 52
Harper 310 561 0 251
Harper 457 457 6 0
Harper 726 821 3 95
Harper 983 1090 1 107
Harper 743 1006 3 263
Harper 747 972 2 225
Harper 1038 1144 4 106
Harper 406 524 0 118
Harper 494 596 1 102
Harper 860 995 1 135
Harper 207 443 1 236
Harper 189 193 0 4
Harper 965 1022 4 57
Harper 274 513 0 239
Harper 680 708 4 28
Harper 901 1054 4 153
Harper 708 726 6 18
Harper 545 841 1 296
Harper 1019 1225 6 206
Harper 889 909 4 20
Harper 763 769 6 6
Harper 929 1175 5 246
Harper 557 726 4 169
Harper 201 373 3 172
Harper 602 785 4 183
Harper 286 419 5 133
Harper 450 634 5 184
Harper 976 1041 4 65
Harper 508 715 6 207
Harper 500 637 1 137
Harper 685 778 6 93
Harper 762 815 0 53
Harper 888 1117 4 229
Harper 456 544 6 88
Harper 874 1030 0 156
Harper 642 871 1 229
Harper 232 391 1 159
Harper 335 492 2 157
Harper 423 515 1 92
Harper 778 802 1 24
Harper 643 653 0 10
Harper 541 748 5 207
Harper 507 520 3 13
Harper 996 1139 6 143
Harper 317 370 3 53
Harper 237 270 1 33
Harper 809 1067 3 258
Harper 322 442 2 120
Harper 592 644 5 52
Harper 664 892 3 228
Harper 429 550 1 121
Harper 650 685 1 35
Harper 905 1016 3 111
Harper 1042 1171 0 129
Harper 473 492 1 19
Harper 1010 1136 2 126
Harper 639 687 0 48
Harper 749 1023 0 274
Harper 741 755 3 14
Harper 691 896 6 205
Harper 909 1135 3 226
Harper 628 796 0 168
Harper 999 1032 0 33
Harper 247 467 4 220
Harper 492 532 5 40
Harper 390 411 4 21
Harper 797 876 0 79
Harper 570 848 1 278
Harper 308 532 0 224
Harper 624 782 6 158
Harper 284 311 4 27
Harper 764 871 5 107
Harper 726 849 2 123
Harper 630 669 4 39
Harper 788 874 4 86
Harper 516 548 0 32
Harper 693 823 2 130
Harper 615 850 4 235
Harper 992 1252 1 260
Harper 509 598 5 89
Harper 565 566 5 1
Harper 999 1235 5 236
Harper 802 843 6 41
Harper 915 1165 6 250
Harper 198 446 2 248
Harper 1020 1190 4 170
Harper 445 632 1 187
Harper 682 898 0 216
Harper 941 959 0 18
Harper 509 590 2 81
Harper 477 588 2 111
Harper 807 967 1 160
Harper 1007 1228 6 221
Harper 550 706 3 156
Harper 746 960 1 214
Harper 1033 1251 4 218
Harper 203 286 0 83
Harper 455 699 2 244
Harper 475 510 1 35
Harper 431 434 4 3
Harper 190 198 2 8
Harper 274 446 2 172
Harper 400 499 2 99
Harper 648 762 4 114
Harper 549 789 5 240
Harper 303 383 6 80
Harper 303 589 0 286
Harper 209 290 4 81
Harper 957 1252 1 295
Harper 875 890 6 15
Harper 319 492 1 173
Harper 652 654 3 2
Harper 983 1089 0 106
Logan 327 331 0 4
Logan 279 396 1 117
Logan 561 645 6 84
Logan 451 557 4 106
Logan 930 1071 5 141
Logan 177 249 2 72
Logan 337 544 0 207
Logan 493 665 3 172
Logan 657 837 5 180
Logan 678 860 1 182
Logan 634 723 2 89
Logan 548 559 1 11
Logan 764 781 2 17
Logan 100 271 5 171
Logan 347 383 3 36
Logan 500 725 0 225
Logan 490 580 1 90
Logan 483 502 1 19
Logan 162 349 0 187
Logan 682 795 3 113
Logan 170 197 5 27
Logan 488 533 0 45
Logan 638 718 0 80
Logan 622 654 1 32
Logan 713 829 6 116
Logan 153 344 2 191
Logan 149 354 0 205
Logan 119 273 1 154
Logan 676 764 6 88
Logan 726 797 3 71
Logan 859 925 3 66
Logan 603 783 6 180
Logan 559 670 0 111
Logan 837 1025 2 188
Logan 227 411 2 184
Logan 239 405 2 166
Logan 713 865 0 152
Logan 391 544 4 153
Logan 305 489 6 184
Logan 271 342 0 71
Logan 290 349 2 59
Logan 303 498 5 195
Logan 200 228 2 28
Logan 876 914 4 38
Logan 597 783 0 186
Logan 152 247 2 95
Logan 941 963 5 22
Logan 628 732 2 104
Logan 132 316 0 184
Logan 448 601 5 153
Logan 694 790 3 96
Logan 682 764 6 82
Logan 175 381 4 206
Logan 903 962 2 59
Logan 98 193 0 95
Logan 121 166 6 45
Logan 673 783 3 110
Logan 132 222 1 90
Logan 286 443 4 157
Logan 646 770 2 124
Logan 196 348 6 152
Logan 190 329 6 139
Logan 224 279 1 55
Logan 535 621 1 86
Logan 776 860 4 84
Logan 576 756 1 180
Logan 532 612 3 80
Logan 861 933 2 72
Logan 773 848 2 75
Logan 470 650 4 180
Logan 280 462 0 182
Logan 636 704 4 68
Logan 776 796 6 20
Logan 273 377 0 104
Logan 790 862 1 72
Logan 481 670 1 189
Logan 917 1100 1 183
Logan 322 498 3 176
Logan 210 424 1 214
Logan 672 700 6 28
Logan 649 698 0 49
Logan 718 803 0 85
Logan 342 419 4 77
Logan 234 288 0 54
Logan 235 452 0 217
Logan 258 411 3 153
Logan 117 189 5 72
Logan 822 988 6 166
Logan 138 173 5 35
Logan 852 933 5 81
Logan 244 310 0 66
Logan 868 932 2 64
Logan 755 875 1 120
Logan 924 1005 2 81
Logan 723 879 6 156
Logan 933 1135 2 202
Logan 220 268 5 48
Logan 647 758 2 111
Logan 596 599 1 3
Logan 396 567 1 171
Logan 494 601 4 107
Logan 343 405 5 62
Logan 458 619 6 161
Logan 650 778 5 128
Logan 577 728 0 151
Logan 517 525 5 8
Logan 366 548 5 182
Logan 783 993 3 210
Logan 588 781 4 193
Logan 519 694 2 175
Logan 419 602 5 183
Logan 678 813 4 135
Logan 774 892 1 118
Logan 766 813 3 47
Logan 907 976 6 69
Logan 445 587 2 142
Logan 378 556 6 178
Logan 748 836 2 88
Logan 908 1103 6 195
Logan 227 438 3 211
Logan 391 465 1 74
Logan 955 1039 6 84
Logan 420 515 3 95
Logan 562 612 1 50
Logan 226 239 3 13
Logan 296 369 5 73
Logan 917 1109 3 192
Logan 201 289 6 88
Logan 566 582 1 16
Logan 271 306 3 35
Logan 406 470 5 64
Logan 853 903 3 50
Logan 227 396 0 169
Logan 273 353 2 80
Logan 241 332 0 91
Logan 741 793 4 52
Logan 762 946 5 184
Logan 770 789 6 19
Logan 131 184 0 53
Logan 290 410 1 120
Logan 954 973 4 19
Logan 663 756 1 93
Logan 957 991 5 34
Logan 826 937 2 111
Logan 936 1008 2 72
Logan 182 207 4 25
Logan 249 350 1 101
Logan 275 433 2 158
Logan 759 914 2 155
Logan 696 894 6 198
Logan 849 959 6 110
Logan 737 846 4 109
Logan 708 753 0 45
Logan 816 847 1 31
Logan 117 174 2 57
Logan 322 403 2 81
Logan 858 1024 6 166
Logan 213 288 2 75
Logan 589 715 6 126
Logan 353 353 4 0
Logan 114 156 6 42
Logan 149 325 5 176
Logan 439 641 5 202
Logan 700 878 0 178
Logan 192 393 1 201
Logan 420 435 1 15
Logan 416 623 2 207
Logan 745 764 2 19
Logan 502 519 1 17
Logan 281 325 5 44
Logan 339 369 0 30
Logan 520 546 1 26
Logan 174 187 1 13
Logan 377 573 6 196
Logan 681 762 1 81
Logan 923 1012 6 89
Logan 765 931 3 166
Logan 485 689 4 204
Logan 739 754 0 15
Logan 219 377 0 158
Logan 852 946 5 94
Logan 283 437 2 154
Logan 699 815 1 116
Logan 809 936 6 127
Logan 891 895 6 4
Logan 497 604 6 107
Logan 500 693 1 193
Logan 222 256 3 34
Logan 241 259 3 18
Logan 485 550 4 65
Logan 779 802 1 23
Logan 742 772 6 30
Logan 775 786 4 11
Logan 163 242 4 79
Logan 171 396 0 225
Logan 817 839 0 22
Logan 799 803 2 4
Logan 503 517 6 14
Logan 655 846 6 191
Logan 195 214 6 19
Evelyn 316 317 1 1
Evelyn 299 413 2 114
Evelyn 687 690 2 3
Evelyn 866 962 5 96
Evelyn 517 648 5 131
Evelyn 668 860 1 192
Evelyn 322 380 0 58
Evelyn 410 558 5 148
Evelyn 585 632 6 47
Evelyn 840 1005 0 165
Evelyn 702 840 3 138
Evelyn 701 767 5 66
Evelyn 725 836 3 111
Evelyn 310 366 3 56
Evelyn 233 247 3 14
Evelyn 401 438 6 37
Evelyn 550 594 1 44
Evelyn 691 839 6 148
Evelyn 373 493 4 120
Evelyn 720 745 3 25
Evelyn 449 650 0 201
Evelyn 162 343 0 181
Evelyn 261 439 2 178
Evelyn 925 992 2 67
Evelyn 179 330 3 151
Evelyn 824 943 1 119
Evelyn 241 306 2 65
Evelyn 406 549 6 143
Evelyn 742 935 2 193
Evelyn 871 915 2 44
Evelyn 208 292 0 84
Evelyn 676 766 4 90
Evelyn 707 901 1 194
Evelyn 343 426 2 83
Evelyn 736 795 3 59
Evelyn 250 431 3 181
Evelyn 627 705 4 78
Evelyn 184 283 4 99
Evelyn 484 603 2 119
Evelyn 321 412 1 91
Evelyn 513 568 4 55
Evelyn 719 823 1 104
Evelyn 377 464 5 87
Evelyn 289 460 6 171
Evelyn 698 899 0 201
Evelyn 221 265 2 44
Evelyn 668 854 3 186
Evelyn 487 617 5 130
Evelyn 717 755 3 38
Evelyn 337 509 0 172
Evelyn 817 829 0 12
Evelyn 307 330 5 23
Evelyn 157 331 0 174
Evelyn 397 420 5 23
Evelyn 623 635 5 12
Evelyn 426 471 2 45
Evelyn 878 944 5 66
Evelyn 761 805 1 44
Evelyn 423 516 1 93
Evelyn 241 346 4 105
Evelyn 291 314 4 23
Evelyn 591 683 2 92
Evelyn 450 554 1 104
Evelyn 735 824 5 89
Evelyn 600 686 5 86
Evelyn 932 982 1 50
Evelyn 485 633 6 148
Evelyn 309 409 4 100
Evelyn 555 709 0 154
Evelyn 425 455 4 30
Evelyn 821 959 2 138
Evelyn 516 604 1 88
Evelyn 747 808 5 61
Evelyn 494 620 1 126
Evelyn 346 476 1 130
Evelyn 629 663 3 34
Evelyn 805 889 3 84
Evelyn 658 789 1 131
Evelyn 320 445 4 125
Evelyn 816 930 5 114
Evelyn 306 452 5 146
Evelyn 550 632 3 82
Evelyn 612 654 5 42
Evelyn 796 818 0 22
Evelyn 863 1002 0 139
Evelyn 293 428 0 135
Evelyn 761 775 0 14
Evelyn 707 882 6 175
Evelyn 621 651 5 30
Evelyn 336 358 1 22
Evelyn 358 426 4 68
Evelyn 808 817 0 9
Evelyn 534 594 0 60
Evelyn 865 952 5 87
Evelyn 723 728 1 5
Evelyn 537 683 2 146
Evelyn 364 496 4 132
Evelyn 187 387 0 200
Evelyn 322 361 1 39
Evelyn 805 954 2 149
Evelyn 553 560 1 7
Evelyn 244 250 3 6
Evelyn 653 764 1 111
Evelyn 872 1038 6 166
Evelyn 866 1029 2 163
Evelyn 327 476 2 149
Evelyn 243 370 5 127
Evelyn 165 260 1 95
Evelyn 407 564 2 157
Evelyn 812 946 0 134
Evelyn 167 270 6 103
Evelyn 630 790 2 160
Evelyn 359 450 2 91
Evelyn 669 698 0 29
Evelyn 399 559 6 160
Evelyn 858 958 5 100
Evelyn 808 818 4 10
Evelyn 742 776 3 34
Evelyn 760 862 6 102
Evelyn 305 432 6 127
Evelyn 883 954 4 71
Evelyn 666 853 3 187
Evelyn 167 167 6 0
Evelyn 810 963 5 153
Evelyn 510 528 4 18
Evelyn 165 281 6 116
Evelyn 682 705 5 23
Evelyn 263 310 5 47
Evelyn 379 455 1 76
Evelyn 232 386 6 154
Evelyn 338 445 1 107
Evelyn 607 683 3 76
Evelyn 558 573 5 15
Evelyn 850 959 3 109
Evelyn 225 309 0 84
Evelyn 848 975 6 127
Evelyn 245 254 4 9
Evelyn 181 225 5 44
Evelyn 784 940 4 156
Evelyn 451 553 6 102
Evelyn 528 657 1 129
Evelyn 904 909 6 5
Evelyn 652 687 1 35
Evelyn 636 809 2 173
Evelyn 441 602 5 161
Evelyn 904 1017 0 113
Evelyn 591 686 0 95
Evelyn 385 462 2 77
Evelyn 550 650 5 100
Evelyn 795 846 6 51
Evelyn 709 808 0 99
Evelyn 324 471 2 147
Evelyn 476 614 1 138
Evelyn 235 405 1 170
Evelyn 733 865 2 132
Evelyn 633 673 5 40
Evelyn 681 858 5 177
Evelyn 859 871 3 12
Evelyn 262 298 2 36
Evelyn 676 774 4 98
Evelyn 166 306 3 140
Evelyn 434 521 3 87
Evelyn 804 940 0 136
Evelyn 355 394 6 39
Evelyn 737 850 5 113
Evelyn 781 816 2 35
Evelyn 669 791 2 122
Evelyn 380 517 0 137
Evelyn 534 707 5 173
Evelyn 488 654 2 166
Evelyn 623 630 3 7
Evelyn 655 665 6 10
Evelyn 252 313 3 61
Evelyn 908 1023 6 115
Evelyn 535 596 4 61
Evelyn 409 561 5 152
Evelyn 931 1091 5 160
Evelyn 933 963 3 30
Evelyn 635 786 1 151
Evelyn 709 810 1 101
Evelyn 401 502 2 101
Evelyn 215 359 6 144
Evelyn 509 570 0 61
Evelyn 367 474 5 107
Evelyn 674 733 1 59
Evelyn 210 392 1 182
Evelyn 811 927 6 116
Evelyn 782 939 6 157
Evelyn 208 221 4 13
Evelyn 502 565 2 63
Evelyn 747 886 4 139
Evelyn 850 995 0 145
Evelyn 337 502 5 165
Evelyn 494 565 3 71
Evelyn 927 1046 6 119
Evelyn 521 647 0 126
Evelyn 273 297 1 24
Evelyn 320 449 2 129
Evelyn 181 353 4 172
Evelyn 168 173 0 5
